<!DOCTYPE HTML>
<html>
  <head>
    <meta charset="UTF-8">
    <title>TOMTOM</title>
    <script>
      // @JSON_VAR data
      var data = {
        "program": "Tomtom",
        "version": "5.0.4",
        "release": "Wed Jan 23 14:05:40 2019 -0800",
        "cmd": [
          "tomtom", "-oc", "tomtom_conv1_cisbp_t1_allr", "-thresh", "0.1",
          "-dist", "allr", "-no-ssc", "./meme_conv1_thres9.txt",
          "/media/ggj/Files/mount/NvWA_Final/0_TFBS/CisBP/Caenorhabditis_elegans_2019_11_27_8-16_pm/Caenorhabditis_elegans_Cisbp.meme"
        ],
        "options": {
          "strands": "both",
          "distance_measure": "allr",
          "threshold_type": "qvalue",
          "threshold_value": 0.1,
          "background_source": "--query--"
        },
        "alphabet": {
          "name": "DNA",
          "like": "dna",
          "ncore": 4,
          "symbols": [
            {
              "symbol": "A",
              "name": "Adenine",
              "colour": "CC0000",
              "complement": "T"
            }, {
              "symbol": "C",
              "name": "Cytosine",
              "colour": "0000CC",
              "complement": "G"
            }, {
              "symbol": "G",
              "name": "Guanine",
              "colour": "FFB300",
              "complement": "C"
            }, {
              "symbol": "T",
              "aliases": "U",
              "name": "Thymine",
              "colour": "008000",
              "complement": "A"
            }, {
              "symbol": "N",
              "aliases": "X.",
              "name": "Any base",
              "equals": "ACGT"
            }, {
              "symbol": "V",
              "name": "Not T",
              "equals": "ACG"
            }, {
              "symbol": "H",
              "name": "Not G",
              "equals": "ACT"
            }, {
              "symbol": "D",
              "name": "Not C",
              "equals": "AGT"
            }, {
              "symbol": "B",
              "name": "Not A",
              "equals": "CGT"
            }, {
              "symbol": "M",
              "name": "Amino",
              "equals": "AC"
            }, {
              "symbol": "R",
              "name": "Purine",
              "equals": "AG"
            }, {
              "symbol": "W",
              "name": "Weak",
              "equals": "AT"
            }, {
              "symbol": "S",
              "name": "Strong",
              "equals": "CG"
            }, {
              "symbol": "Y",
              "name": "Pyrimidine",
              "equals": "CT"
            }, {
              "symbol": "K",
              "name": "Keto",
              "equals": "GT"
            }
          ]
        },
        "background": [0.25, 0.25, 0.25, 0.25],
        "query_dbs": [
          {
            "source": "./meme_conv1_thres9.txt",
            "name": "meme_conv1_thres9.txt",
            "loaded": 128,
            "excluded": 0,
            "last_modified": "Sat Oct 30 17:39:51 2021"
          }
        ],
        "target_dbs": [
          {
            "source": "/media/ggj/Files/mount/NvWA_Final/0_TFBS/CisBP/Caenorhabditis_elegans_2019_11_27_8-16_pm/Caenorhabditis_elegans_Cisbp.meme",
            "name": "Caenorhabditis_elegans_Cisbp",
            "loaded": 3438,
            "excluded": 0,
            "last_modified": "Sun Jun 13 14:56:38 2021"
          }
        ],
        "queries": [
          {
            "db": 0,
            "id": "Motif_0",
            "alt": "0",
            "len": 9,
            "nsites": 9,
            "pwm": [
              [0.256205, 0.2032, 0.158798, 0.381797], 
              [0.00353846, 0.00274725, 0.159604, 0.83411], 
              [0.253659, 0.00284615, 0.397264, 0.346231], 
              [0.00423077, 0.981967, 0.00274725, 0.0110549], 
              [0.960014, 0.0334035, 0.00324171, 0.0033406], 
              [0.991758, 0.00274725, 0.00274725, 0.00274725], 
              [0.963769, 0.00284615, 0.023022, 0.0103626], 
              [0.160692, 0.270473, 0.566088, 0.00274725], 
              [0.354108, 0.162654, 0.145151, 0.338087]
            ]
          }, {
            "db": 0,
            "id": "Motif_1",
            "alt": "1",
            "len": 9,
            "nsites": 9,
            "pwm": [
              [0.325659, 0.195505, 0.244857, 0.233978], 
              [0.626813, 0.00274725, 0.367593, 0.00284615], 
              [0.559208, 0.00274725, 0.187377, 0.250668], 
              [0.00294505, 0.00274725, 0.99156, 0.00274725], 
              [0.991462, 0.00274725, 0.00274725, 0.00304396], 
              [0.881385, 0.00274725, 0.00274725, 0.113121], 
              [0.841725, 0.00274725, 0.15278, 0.00274725], 
              [0.712659, 0.00274725, 0.281154, 0.00343956], 
              [0.375308, 0.164747, 0.162967, 0.296978]
            ]
          }, {
            "db": 0,
            "id": "Motif_10",
            "alt": "10",
            "len": 9,
            "nsites": 9,
            "pwm": [
              [0.306077, 0.178396, 0.16722, 0.348308], 
              [0.144769, 0.112527, 0.00274725, 0.739956], 
              [0.819275, 0.16722, 0.00294505, 0.0105604], 
              [0.00284615, 0.00363736, 0.00274725, 0.990769], 
              [0.341746, 0.00274725, 0.170566, 0.484941], 
              [0.244165, 0.00274725, 0.750341, 0.00274725], 
              [0.00274725, 0.765868, 0.22844, 0.00294505], 
              [0.00274725, 0.0271758, 0.00274725, 0.96733], 
              [0.215187, 0.224187, 0.23289, 0.327736]
            ]
          }, {
            "db": 0,
            "id": "Motif_100",
            "alt": "100",
            "len": 9,
            "nsites": 9,
            "pwm": [
              [0.254352, 0.254846, 0.177901, 0.312901], 
              [0.247527, 0.339901, 0.199264, 0.213308], 
              [0.00432967, 0.87733, 0.100462, 0.0178791], 
              [0.00274725, 0.991758, 0.00274725, 0.00274725], 
              [0.00274725, 0.31122, 0.683286, 0.00274725], 
              [0.0794945, 0.407451, 0.463626, 0.0494286], 
              [0.00284616, 0.99156, 0.00284616, 0.00274725], 
              [0.518912, 0.00274725, 0.442066, 0.0362747], 
              [0.347912, 0.219538, 0.197187, 0.235363]
            ]
          }, {
            "db": 0,
            "id": "Motif_101",
            "alt": "101",
            "len": 9,
            "nsites": 9,
            "pwm": [
              [0.304168, 0.135064, 0.191234, 0.369535], 
              [0.0454725, 0.832429, 0.0411209, 0.080978], 
              [0.0031429, 0.00640696, 0.00274725, 0.987703], 
              [0.429703, 0.142495, 0.00294505, 0.424857], 
              [0.978703, 0.00403297, 0.0145165, 0.00274725], 
              [0.00294507, 0.332714, 0.599279, 0.0650612], 
              [0.0503139, 0.0492261, 0.0845303, 0.81593], 
              [0.740154, 0.00274725, 0.232989, 0.0241099], 
              [0.331165, 0.180554, 0.172148, 0.316133]
            ]
          }, {
            "db": 0,
            "id": "Motif_102",
            "alt": "102",
            "len": 9,
            "nsites": 9,
            "pwm": [
              [0.299549, 0.12489, 0.12944, 0.446121], 
              [0.00334066, 0.00274725, 0.00274725, 0.991165], 
              [0.00759341, 0.00274725, 0.00274725, 0.986912], 
              [0.0111538, 0.00274725, 0.00274725, 0.983352], 
              [0.989879, 0.00274725, 0.00274725, 0.00462637], 
              [0.487462, 0.00274725, 0.00274725, 0.507044], 
              [0.624637, 0.00274725, 0.00284615, 0.369769], 
              [0.52658, 0.0428062, 0.00274725, 0.427867], 
              [0.325659, 0.156143, 0.138242, 0.379956]
            ]
          }, {
            "db": 0,
            "id": "Motif_103",
            "alt": "103",
            "len": 9,
            "nsites": 9,
            "pwm": [
              [0.282341, 0.192341, 0.177901, 0.347418], 
              [0.214495, 0.293813, 0.293121, 0.198571], 
              [0.00284615, 0.00868132, 0.824319, 0.164154], 
              [0.850626, 0.00274725, 0.00284615, 0.14378], 
              [0.832824, 0.161681, 0.00274725, 0.00274725], 
              [0.00294505, 0.99156, 0.00274725, 0.00274725], 
              [0.968123, 0.00284614, 0.00274725, 0.0262834], 
              [0.549329, 0.056357, 0.0134296, 0.380884], 
              [0.293644, 0.193052, 0.17594, 0.337363]
            ]
          }, {
            "db": 0,
            "id": "Motif_104",
            "alt": "104",
            "len": 9,
            "nsites": 9,
            "pwm": [
              [0.325726, 0.178279, 0.169676, 0.326319], 
              [0.00274725, 0.185813, 0.13033, 0.68111], 
              [0.00274725, 0.312407, 0.00274725, 0.682099], 
              [0.00274725, 0.00274725, 0.00274725, 0.991758], 
              [0.00274725, 0.00274725, 0.00274725, 0.991758], 
              [0.161978, 0.214593, 0.00274725, 0.620681], 
              [0.00274725, 0.00274725, 0.00274725, 0.991758], 
              [0.00274725, 0.184348, 0.00274725, 0.810158], 
              [0.225473, 0.259989, 0.209055, 0.305484]
            ]
          }, {
            "db": 0,
            "id": "Motif_105",
            "alt": "105",
            "len": 9,
            "nsites": 9,
            "pwm": [
              [0.271758, 0.168011, 0.182846, 0.377385], 
              [0.00442857, 0.0812747, 0.0185714, 0.895725], 
              [0.0475495, 0.00274725, 0.156538, 0.793165], 
              [0.0463626, 0.00482418, 0.596549, 0.352264], 
              [0.0357835, 0.923905, 0.0324205, 0.00789062], 
              [0.00274725, 0.991758, 0.00274725, 0.00274725], 
              [0.00650549, 0.0249011, 0.00274725, 0.965846], 
              [0.278187, 0.00274725, 0.00581319, 0.713253], 
              [0.186029, 0.263279, 0.208284, 0.342408]
            ]
          }, {
            "db": 0,
            "id": "Motif_106",
            "alt": "106",
            "len": 9,
            "nsites": 9,
            "pwm": [
              [0.287215, 0.177325, 0.195822, 0.339638], 
              [0.00304396, 0.532165, 0.00274725, 0.462044], 
              [0.985527, 0.00294505, 0.00284615, 0.00868132], 
              [0.00314286, 0.444143, 0.125088, 0.427626], 
              [0.99156, 0.00284615, 0.00274725, 0.00284615], 
              [0.360275, 0.16722, 0.137154, 0.335352], 
              [0.00610989, 0.00274725, 0.00304396, 0.988099], 
              [0.00274725, 0.00274725, 0.991462, 0.00304396], 
              [0.327835, 0.181857, 0.185418, 0.30489]
            ]
          }, {
            "db": 0,
            "id": "Motif_107",
            "alt": "107",
            "len": 9,
            "nsites": 9,
            "pwm": [
              [0.254648, 0.190165, 0.215088, 0.340099], 
              [0.0884945, 0.813044, 0.0316264, 0.0668352], 
              [0.00274725, 0.213604, 0.780802, 0.00284615], 
              [0.129538, 0.00274725, 0.864967, 0.00274725], 
              [0.889297, 0.0815714, 0.00324176, 0.0258901], 
              [0.0577363, 0.00274725, 0.926286, 0.0132308], 
              [0.218846, 0.612077, 0.164945, 0.00413187], 
              [0.642969, 0.296652, 0.0576319, 0.00274725], 
              [0.353549, 0.175923, 0.233088, 0.23744]
            ]
          }, {
            "db": 0,
            "id": "Motif_108",
            "alt": "108",
            "len": 9,
            "nsites": 9,
            "pwm": [
              [0.259396, 0.212912, 0.198769, 0.328923], 
              [0.0317253, 0.961593, 0.00393407, 0.00274725], 
              [0.00294505, 0.00274725, 0.991462, 0.00284615], 
              [0.00373626, 0.555308, 0.383319, 0.0576374], 
              [0.491665, 0.309903, 0.055654, 0.142777], 
              [0.00274725, 0.00353846, 0.855868, 0.137846], 
              [0.46244, 0.00274725, 0.500516, 0.0342967], 
              [0.135176, 0.405571, 0.456011, 0.00324176], 
              [0.346463, 0.204328, 0.204526, 0.244684]
            ]
          }, {
            "db": 0,
            "id": "Motif_109",
            "alt": "109",
            "len": 9,
            "nsites": 9,
            "pwm": [
              [0.322396, 0.219736, 0.181165, 0.276703], 
              [0.671516, 0.00393407, 0.298462, 0.0260879], 
              [0.00363736, 0.990868, 0.00274725, 0.00274725], 
              [0.00274725, 0.74322, 0.00274725, 0.251286], 
              [0.52964, 0.45557, 0.00274725, 0.012043], 
              [0.464075, 0.00838405, 0.0394359, 0.488105], 
              [0.0146154, 0.0475495, 0.935088, 0.00274725], 
              [0.018967, 0.387374, 0.00274725, 0.590912], 
              [0.267505, 0.192242, 0.196198, 0.344055]
            ]
          }, {
            "db": 0,
            "id": "Motif_11",
            "alt": "11",
            "len": 9,
            "nsites": 9,
            "pwm": [
              [0.267802, 0.223495, 0.175824, 0.332879], 
              [0.00393407, 0.592198, 0.267901, 0.135967], 
              [0.117571, 0.529791, 0.279275, 0.0733626], 
              [0.23378, 0.483407, 0.0901758, 0.192637], 
              [0.0111538, 0.143484, 0.828967, 0.0163956], 
              [0.00324181, 0.0179795, 0.00640696, 0.972372], 
              [0.00620879, 0.900473, 0.0905714, 0.00274725], 
              [0.00274725, 0.948341, 0.00274725, 0.0461648], 
              [0.370363, 0.196297, 0.189275, 0.244066]
            ]
          }, {
            "db": 0,
            "id": "Motif_110",
            "alt": "110",
            "len": 9,
            "nsites": 9,
            "pwm": [
              [0.303505, 0.170879, 0.167516, 0.358099], 
              [0.00601099, 0.207868, 0.00274725, 0.783374], 
              [0.991264, 0.00274725, 0.00274725, 0.00324176], 
              [0.00324181, 0.310064, 0.00274725, 0.683947], 
              [0.00304396, 0.00294505, 0.00274725, 0.991264], 
              [0.791167, 0.202844, 0.00274725, 0.00324181], 
              [0.00413187, 0.40122, 0.00353846, 0.59111], 
              [0.00274725, 0.00294505, 0.00274725, 0.99156], 
              [0.222978, 0.189751, 0.193113, 0.394159]
            ]
          }, {
            "db": 0,
            "id": "Motif_111",
            "alt": "111",
            "len": 9,
            "nsites": 9,
            "pwm": [
              [0.335549, 0.134484, 0.150901, 0.379066], 
              [0.00284615, 0.00274725, 0.00274725, 0.991659], 
              [0.491516, 0.00274725, 0.00274725, 0.502989], 
              [0.438901, 0.0857253, 0.00274725, 0.472626], 
              [0.671484, 0.314119, 0.00274725, 0.0116492], 
              [0.00442857, 0.00274725, 0.00274725, 0.990077], 
              [0.983846, 0.00274725, 0.00274725, 0.0106593], 
              [0.00284614, 0.00284614, 0.00274725, 0.99156], 
              [0.242804, 0.157444, 0.160214, 0.439538]
            ]
          }, {
            "db": 0,
            "id": "Motif_112",
            "alt": "112",
            "len": 9,
            "nsites": 9,
            "pwm": [
              [0.356516, 0.195703, 0.170187, 0.277593], 
              [0.00858242, 0.00274725, 0.00274725, 0.985923], 
              [0.33733, 0.00274725, 0.00304396, 0.656879], 
              [0.00274725, 0.169495, 0.00274725, 0.825011], 
              [0.00274725, 0.00274725, 0.00274725, 0.991758], 
              [0.00274725, 0.00294505, 0.00274725, 0.99156], 
              [0.00274725, 0.00274725, 0.0071978, 0.987308], 
              [0.00274725, 0.274132, 0.00274725, 0.720374], 
              [0.271363, 0.255736, 0.205593, 0.267308]
            ]
          }, {
            "db": 0,
            "id": "Motif_113",
            "alt": "113",
            "len": 9,
            "nsites": 9,
            "pwm": [
              [0.265429, 0.241, 0.194813, 0.298758], 
              [0.197662, 0.248887, 0.333439, 0.220011], 
              [0.00897802, 0.547297, 0.389549, 0.0541758], 
              [0.022031, 0.918579, 0.0033406, 0.0560496], 
              [0.00274725, 0.00413173, 0.989385, 0.00373616], 
              [0.00294505, 0.97267, 0.0216374, 0.00274725], 
              [0.432967, 0.0102637, 0.554022, 0.00274725], 
              [0.770516, 0.0362747, 0.185418, 0.00779121], 
              [0.379165, 0.183341, 0.196495, 0.241]
            ]
          }, {
            "db": 0,
            "id": "Motif_114",
            "alt": "114",
            "len": 9,
            "nsites": 9,
            "pwm": [
              [0.264512, 0.194794, 0.234845, 0.305849], 
              [0.0107574, 0.0562474, 0.748189, 0.184806], 
              [0.268989, 0.0564505, 0.628692, 0.0458681], 
              [0.00531842, 0.0588186, 0.928369, 0.00749403], 
              [0.0069011, 0.0328132, 0.901659, 0.0586264], 
              [0.102528, 0.516092, 0.377347, 0.00403284], 
              [0.138044, 0.00531868, 0.777637, 0.079], 
              [0.0756374, 0.188088, 0.685165, 0.0511099], 
              [0.337988, 0.215166, 0.188762, 0.258084]
            ]
          }, {
            "db": 0,
            "id": "Motif_115",
            "alt": "115",
            "len": 9,
            "nsites": 9,
            "pwm": [
              [0.276308, 0.162275, 0.19422, 0.367198], 
              [0.00274725, 0.36344, 0.00274725, 0.631066], 
              [0.230418, 0.00472527, 0.220824, 0.544033], 
              [0.00304393, 0.00274725, 0.980287, 0.013922], 
              [0.642701, 0.00274725, 0.351804, 0.00274725], 
              [0.00284615, 0.301923, 0.692484, 0.00274725], 
              [0.674978, 0.319527, 0.00274725, 0.00274725], 
              [0.991758, 0.00274725, 0.00274725, 0.00274725], 
              [0.376791, 0.171868, 0.192538, 0.258802]
            ]
          }, {
            "db": 0,
            "id": "Motif_116",
            "alt": "116",
            "len": 9,
            "nsites": 9,
            "pwm": [
              [0.432868, 0.152187, 0.170187, 0.244758], 
              [0.89354, 0.0998778, 0.00274725, 0.00383527], 
              [0.00343963, 0.00274725, 0.00334072, 0.990472], 
              [0.991758, 0.00274725, 0.00274725, 0.00274725], 
              [0.991758, 0.00274725, 0.00274725, 0.00274725], 
              [0.813341, 0.00274725, 0.180868, 0.00304396], 
              [0.53533, 0.106593, 0.00274725, 0.35533], 
              [0.990868, 0.00274725, 0.00274725, 0.00363736], 
              [0.33522, 0.167203, 0.13269, 0.364887]
            ]
          }, {
            "db": 0,
            "id": "Motif_117",
            "alt": "117",
            "len": 9,
            "nsites": 9,
            "pwm": [
              [0.357343, 0.236968, 0.18049, 0.225198], 
              [0.766758, 0.00274725, 0.00274725, 0.227747], 
              [0.913923, 0.0805824, 0.00274725, 0.00274725], 
              [0.0417143, 0.678934, 0.037956, 0.241396], 
              [0.991758, 0.00274725, 0.00274725, 0.00274725], 
              [0.991758, 0.00274725, 0.00274725, 0.00274725], 
              [0.934989, 0.0595165, 0.00274725, 0.00274725], 
              [0.410714, 0.565593, 0.00274725, 0.0209451], 
              [0.376099, 0.16633, 0.143879, 0.313692]
            ]
          }, {
            "db": 0,
            "id": "Motif_118",
            "alt": "118",
            "len": 9,
            "nsites": 9,
            "pwm": [
              [0.39578, 0.186505, 0.177901, 0.239813], 
              [0.938055, 0.00274725, 0.00274725, 0.0564505], 
              [0.645407, 0.00274725, 0.00274725, 0.349099], 
              [0.38322, 0.00274725, 0.00274725, 0.611286], 
              [0.439791, 0.00274725, 0.00274725, 0.554714], 
              [0.969703, 0.0107582, 0.00274725, 0.0167912], 
              [0.986022, 0.00274725, 0.00274725, 0.00848352], 
              [0.918564, 0.00274725, 0.00274725, 0.0759414], 
              [0.365813, 0.154165, 0.127066, 0.352956]
            ]
          }, {
            "db": 0,
            "id": "Motif_119",
            "alt": "119",
            "len": 9,
            "nsites": 9,
            "pwm": [
              [0.274654, 0.213823, 0.180589, 0.330934], 
              [0.00294505, 0.164648, 0.825802, 0.0066044], 
              [0.403495, 0.0372637, 0.556, 0.00324176], 
              [0.159802, 0.57489, 0.00601099, 0.259297], 
              [0.00274725, 0.0321209, 0.962385, 0.00274725], 
              [0.28867, 0.00294505, 0.705637, 0.00274725], 
              [0.220824, 0.703066, 0.00304396, 0.0730659], 
              [0.0479451, 0.00274725, 0.929451, 0.0198571], 
              [0.35131, 0.196217, 0.227671, 0.224802]
            ]
          }, {
            "db": 0,
            "id": "Motif_12",
            "alt": "12",
            "len": 9,
            "nsites": 9,
            "pwm": [
              [0.221714, 0.222703, 0.203121, 0.352462], 
              [0.00274725, 0.991758, 0.00274725, 0.00274725], 
              [0.00274725, 0.0171868, 0.319824, 0.660242], 
              [0.00324176, 0.991264, 0.00274725, 0.00274725], 
              [0.00274725, 0.219121, 0.307431, 0.4707], 
              [0.142396, 0.237637, 0.0544725, 0.565495], 
              [0.00274725, 0.977815, 0.00294504, 0.0164931], 
              [0.00274725, 0.00274725, 0.0252967, 0.969209], 
              [0.172264, 0.268692, 0.195505, 0.363538]
            ]
          }, {
            "db": 0,
            "id": "Motif_120",
            "alt": "120",
            "len": 9,
            "nsites": 9,
            "pwm": [
              [0.263971, 0.176732, 0.187117, 0.37218], 
              [0.00284615, 0.00274725, 0.310626, 0.68378], 
              [0.00274725, 0.00274725, 0.991659, 0.00284615], 
              [0.00274725, 0.00363745, 0.296612, 0.697003], 
              [0.00274725, 0.00274725, 0.00284615, 0.991659], 
              [0.428319, 0.00304396, 0.565791, 0.00284615], 
              [0.00274725, 0.132901, 0.449978, 0.414374], 
              [0.00343956, 0.00274725, 0.499033, 0.49478], 
              [0.246637, 0.189077, 0.237538, 0.326747]
            ]
          }, {
            "db": 0,
            "id": "Motif_121",
            "alt": "121",
            "len": 9,
            "nsites": 9,
            "pwm": [
              [0.262066, 0.248615, 0.205297, 0.284022], 
              [0.140206, 0.825621, 0.00383506, 0.0303379], 
              [0.00423077, 0.00294505, 0.846967, 0.145857], 
              [0.0554615, 0.769033, 0.00274725, 0.172758], 
              [0.00878022, 0.105308, 0.536319, 0.349593], 
              [0.15949, 0.791701, 0.00877962, 0.0400292], 
              [0.00294505, 0.404681, 0.369967, 0.222407], 
              [0.00334066, 0.934593, 0.0582308, 0.00383516], 
              [0.309508, 0.237119, 0.192618, 0.260754]
            ]
          }, {
            "db": 0,
            "id": "Motif_122",
            "alt": "122",
            "len": 9,
            "nsites": 9,
            "pwm": [
              [0.318242, 0.165835, 0.176714, 0.339209], 
              [0.00274725, 0.904231, 0.00274725, 0.0902747], 
              [0.00274725, 0.00284615, 0.00274725, 0.991659], 
              [0.00274725, 0.337923, 0.0566484, 0.602681], 
              [0.00274725, 0.0938352, 0.00274725, 0.90067], 
              [0.00274725, 0.00353846, 0.00274725, 0.990967], 
              [0.380611, 0.205276, 0.00966964, 0.404443], 
              [0.00274725, 0.0614945, 0.00274725, 0.933011], 
              [0.204407, 0.255637, 0.188582, 0.351374]
            ]
          }, {
            "db": 0,
            "id": "Motif_123",
            "alt": "123",
            "len": 9,
            "nsites": 9,
            "pwm": [
              [0.346592, 0.192124, 0.246613, 0.214671], 
              [0.991462, 0.00274725, 0.00274725, 0.00304396], 
              [0.0412198, 0.144769, 0.0233187, 0.790692], 
              [0.133791, 0.00353846, 0.85933, 0.00334066], 
              [0.989682, 0.00324171, 0.00403284, 0.00304393], 
              [0.384011, 0.0402308, 0.00274725, 0.573011], 
              [0.161088, 0.763198, 0.072967, 0.00274725], 
              [0.338516, 0.654901, 0.00274725, 0.00383516], 
              [0.366542, 0.15784, 0.180391, 0.295227]
            ]
          }, {
            "db": 0,
            "id": "Motif_124",
            "alt": "124",
            "len": 9,
            "nsites": 9,
            "pwm": [
              [0.32378, 0.178593, 0.21311, 0.284516], 
              [0.250198, 0.516341, 0.230615, 0.00284615], 
              [0.991659, 0.00284615, 0.00274725, 0.00274725], 
              [0.991659, 0.00284615, 0.00274725, 0.00274725], 
              [0.0822637, 0.909571, 0.00541758, 0.00274725], 
              [0.714637, 0.00294505, 0.273934, 0.00848352], 
              [0.928165, 0.0661429, 0.00274725, 0.00294505], 
              [0.361264, 0.0122418, 0.623747, 0.00274725], 
              [0.387275, 0.164253, 0.154659, 0.293813]
            ]
          }, {
            "db": 0,
            "id": "Motif_125",
            "alt": "125",
            "len": 9,
            "nsites": 9,
            "pwm": [
              [0.263945, 0.199659, 0.206385, 0.330011], 
              [0.0073956, 0.311121, 0.339901, 0.341582], 
              [0.00274725, 0.200253, 0.794253, 0.00274725], 
              [0.00274725, 0.577758, 0.0212418, 0.398253], 
              [0.00324171, 0.276181, 0.673526, 0.0470505], 
              [0.00274725, 0.00413187, 0.193429, 0.799692], 
              [0.00274725, 0.0229231, 0.969703, 0.00462637], 
              [0.00304396, 0.0953187, 0.878121, 0.0235165], 
              [0.363538, 0.218154, 0.167516, 0.250791]
            ]
          }, {
            "db": 0,
            "id": "Motif_126",
            "alt": "126",
            "len": 9,
            "nsites": 9,
            "pwm": [
              [0.341153, 0.139712, 0.139118, 0.380017], 
              [0.181857, 0.00274725, 0.00274725, 0.812648], 
              [0.00838462, 0.00274725, 0.00274725, 0.986121], 
              [0.96189, 0.00363736, 0.00274725, 0.0317253], 
              [0.155945, 0.00274725, 0.00274725, 0.83856], 
              [0.00363736, 0.00274725, 0.00274725, 0.990868], 
              [0.120341, 0.00274725, 0.00274725, 0.874165], 
              [0.00274725, 0.570538, 0.00274725, 0.423967], 
              [0.310231, 0.201538, 0.144473, 0.343758]
            ]
          }, {
            "db": 0,
            "id": "Motif_127",
            "alt": "127",
            "len": 9,
            "nsites": 9,
            "pwm": [
              [0.389352, 0.202429, 0.161088, 0.247132], 
              [0.989879, 0.00452747, 0.00274725, 0.00284615], 
              [0.339737, 0.106999, 0.28316, 0.270104], 
              [0.191648, 0.00274725, 0.054967, 0.750637], 
              [0.00284615, 0.00274725, 0.00274725, 0.991659], 
              [0.934099, 0.00274725, 0.00274725, 0.0604066], 
              [0.00274725, 0.00274725, 0.00274725, 0.991758], 
              [0.00541758, 0.00274725, 0.00274725, 0.989088], 
              [0.187297, 0.19056, 0.195011, 0.427132]
            ]
          }, {
            "db": 0,
            "id": "Motif_13",
            "alt": "13",
            "len": 9,
            "nsites": 9,
            "pwm": [
              [0.25267, 0.203418, 0.201736, 0.342176], 
              [0.00274725, 0.0412198, 0.396967, 0.559066], 
              [0.00324176, 0.953187, 0.0357802, 0.00779121], 
              [0.545175, 0.0961192, 0.354969, 0.00373636], 
              [0.00482438, 0.943589, 0.0478507, 0.00373636], 
              [0.00274725, 0.451803, 0.542406, 0.00304399], 
              [0.00274725, 0.00294505, 0.99156, 0.00274725], 
              [0.554121, 0.0755385, 0.367593, 0.00274725], 
              [0.360473, 0.184824, 0.214099, 0.240604]
            ]
          }, {
            "db": 0,
            "id": "Motif_14",
            "alt": "14",
            "len": 9,
            "nsites": 9,
            "pwm": [
              [0.27772, 0.184249, 0.229155, 0.308877], 
              [0.327373, 0.541614, 0.095229, 0.0357835], 
              [0.0769231, 0.913626, 0.0067033, 0.00274725], 
              [0.0314286, 0.313791, 0.574198, 0.0805824], 
              [0.110451, 0.755879, 0.0104615, 0.123209], 
              [0.0363703, 0.955267, 0.00541732, 0.00294504], 
              [0.488846, 0.00294505, 0.505462, 0.00274725], 
              [0.985824, 0.00848352, 0.00294505, 0.00274725], 
              [0.365948, 0.202844, 0.178215, 0.252992]
            ]
          }, {
            "db": 0,
            "id": "Motif_15",
            "alt": "15",
            "len": 9,
            "nsites": 9,
            "pwm": [
              [0.318341, 0.166725, 0.172857, 0.342077], 
              [0.00274725, 0.00274725, 0.271686, 0.722819], 
              [0.00274725, 0.00274725, 0.00274725, 0.991758], 
              [0.00274725, 0.00274725, 0.327341, 0.667165], 
              [0.00274725, 0.00274725, 0.00284615, 0.991659], 
              [0.00274725, 0.00274725, 0.332879, 0.661626], 
              [0.00274725, 0.126275, 0.309934, 0.561044], 
              [0.00274725, 0.399875, 0.00274725, 0.594631], 
              [0.281577, 0.204031, 0.201954, 0.312438]
            ]
          }, {
            "db": 0,
            "id": "Motif_16",
            "alt": "16",
            "len": 9,
            "nsites": 9,
            "pwm": [
              [0.29322, 0.196495, 0.227846, 0.28244], 
              [0.421552, 0.559703, 0.0153064, 0.00343949], 
              [0.225176, 0.48133, 0.290747, 0.00274725], 
              [0.245945, 0.00413187, 0.743022, 0.0069011], 
              [0.174637, 0.579044, 0.00274725, 0.243571], 
              [0.00274725, 0.00274725, 0.991758, 0.00274725], 
              [0.74144, 0.00274725, 0.253066, 0.00274725], 
              [0.961692, 0.00274725, 0.0316264, 0.00393407], 
              [0.392654, 0.148344, 0.21689, 0.242112]
            ]
          }, {
            "db": 0,
            "id": "Motif_17",
            "alt": "17",
            "len": 9,
            "nsites": 9,
            "pwm": [
              [0.270841, 0.221099, 0.170862, 0.337197], 
              [0.00304396, 0.978209, 0.00274725, 0.016], 
              [0.00274725, 0.00274725, 0.84667, 0.147835], 
              [0.0701911, 0.0927383, 0.00274725, 0.834323], 
              [0.0716813, 0.0486374, 0.195703, 0.683978], 
              [0.0671319, 0.571923, 0.0749451, 0.286], 
              [0.0252967, 0.891967, 0.0471538, 0.0355824], 
              [0.00274725, 0.007, 0.0127363, 0.977516], 
              [0.193824, 0.261868, 0.211923, 0.332385]
            ]
          }, {
            "db": 0,
            "id": "Motif_18",
            "alt": "18",
            "len": 9,
            "nsites": 9,
            "pwm": [
              [0.425055, 0.187, 0.203813, 0.184132], 
              [0.951308, 0.00393407, 0.042011, 0.00274725], 
              [0.911846, 0.00274725, 0.00838462, 0.077022], 
              [0.00314286, 0.115692, 0.00274725, 0.878418], 
              [0.00274725, 0.919956, 0.00274725, 0.0745495], 
              [0.737187, 0.00363736, 0.00284615, 0.25633], 
              [0.0402345, 0.016397, 0.684442, 0.258927], 
              [0.991462, 0.00274725, 0.00274725, 0.00304396], 
              [0.450275, 0.131022, 0.149615, 0.269088]
            ]
          }, {
            "db": 0,
            "id": "Motif_19",
            "alt": "19",
            "len": 9,
            "nsites": 9,
            "pwm": [
              [0.229253, 0.197701, 0.210263, 0.362783], 
              [0.00838462, 0.539286, 0.00423077, 0.448099], 
              [0.00442857, 0.352363, 0.607923, 0.0352857], 
              [0.0113516, 0.119352, 0.79544, 0.0738571], 
              [0.00610989, 0.988, 0.00314286, 0.00274725], 
              [0.00274725, 0.00314286, 0.991363, 0.00274725], 
              [0.514905, 0.47881, 0.00353838, 0.00274725], 
              [0.580626, 0.0493297, 0.330011, 0.040033], 
              [0.34267, 0.200846, 0.203912, 0.252571]
            ]
          }, {
            "db": 0,
            "id": "Motif_2",
            "alt": "2",
            "len": 9,
            "nsites": 9,
            "pwm": [
              [0.371315, 0.150886, 0.142579, 0.33522], 
              [0.565099, 0.00274725, 0.00274725, 0.429407], 
              [0.00284615, 0.00274725, 0.0878022, 0.906604], 
              [0.00274725, 0.00274725, 0.00274725, 0.991758], 
              [0.00284615, 0.00274725, 0.00274725, 0.991659], 
              [0.812747, 0.00274725, 0.00274725, 0.181758], 
              [0.991758, 0.00274725, 0.00274725, 0.00274725], 
              [0.461352, 0.041022, 0.0377582, 0.459868], 
              [0.353811, 0.139019, 0.148711, 0.358459]
            ]
          }, {
            "db": 0,
            "id": "Motif_20",
            "alt": "20",
            "len": 9,
            "nsites": 9,
            "pwm": [
              [0.334824, 0.174719, 0.200925, 0.289532], 
              [0.423275, 0.00274725, 0.00274725, 0.571231], 
              [0.991659, 0.00274725, 0.00274725, 0.00284615], 
              [0.991758, 0.00274725, 0.00274725, 0.00274725], 
              [0.991758, 0.00274725, 0.00274725, 0.00274725], 
              [0.635552, 0.25848, 0.099364, 0.00660401], 
              [0.00927473, 0.00294505, 0.00284615, 0.984934], 
              [0.239022, 0.170385, 0.585769, 0.00482418], 
              [0.335253, 0.163857, 0.170879, 0.330011]
            ]
          }, {
            "db": 0,
            "id": "Motif_21",
            "alt": "21",
            "len": 9,
            "nsites": 9,
            "pwm": [
              [0.314978, 0.150802, 0.143681, 0.390538], 
              [0.00561567, 0.00274725, 0.604917, 0.38672], 
              [0.411209, 0.00413187, 0.0118462, 0.572813], 
              [0.00274725, 0.00274725, 0.00284615, 0.991659], 
              [0.00324176, 0.0066044, 0.987407, 0.00274725], 
              [0.793857, 0.00274725, 0.00502198, 0.198374], 
              [0.0765275, 0.00353846, 0.690308, 0.229626], 
              [0.991758, 0.00274725, 0.00274725, 0.00274725], 
              [0.413088, 0.141802, 0.175626, 0.269484]
            ]
          }, {
            "db": 0,
            "id": "Motif_22",
            "alt": "22",
            "len": 9,
            "nsites": 9,
            "pwm": [
              [0.312376, 0.174917, 0.147623, 0.365085], 
              [0.00284615, 0.00343956, 0.00274725, 0.990967], 
              [0.991264, 0.00304396, 0.00274725, 0.00294505], 
              [0.00521978, 0.00324176, 0.00274725, 0.988791], 
              [0.70811, 0.285407, 0.00324176, 0.00324176], 
              [0.974945, 0.0102637, 0.00274725, 0.012044], 
              [0.717901, 0.264637, 0.00284615, 0.0146154], 
              [0.393308, 0.00274725, 0.00274725, 0.601198], 
              [0.302022, 0.152286, 0.172462, 0.373231]
            ]
          }, {
            "db": 0,
            "id": "Motif_23",
            "alt": "23",
            "len": 9,
            "nsites": 9,
            "pwm": [
              [0.28251, 0.218627, 0.236625, 0.262238], 
              [0.331363, 0.618741, 0.0266789, 0.0232177], 
              [0.169, 0.0248022, 0.384505, 0.421692], 
              [0.0213407, 0.973165, 0.00274725, 0.00274725], 
              [0.00274725, 0.00274725, 0.989681, 0.00482418], 
              [0.0312308, 0.963275, 0.00274725, 0.00274725], 
              [0.00432967, 0.104022, 0.673396, 0.218253], 
              [0.148216, 0.258381, 0.506104, 0.0872992], 
              [0.324638, 0.21566, 0.20409, 0.255612]
            ]
          }, {
            "db": 0,
            "id": "Motif_24",
            "alt": "24",
            "len": 9,
            "nsites": 9,
            "pwm": [
              [0.424956, 0.186802, 0.224385, 0.163857], 
              [0.87456, 0.00274725, 0.119945, 0.00274725], 
              [0.991758, 0.00274725, 0.00274725, 0.00274725], 
              [0.881286, 0.00284615, 0.00274725, 0.113121], 
              [0.177424, 0.215802, 0.155861, 0.450913], 
              [0.00284614, 0.0033406, 0.990967, 0.00284614], 
              [0.456604, 0.00274725, 0.537802, 0.00284615], 
              [0.991758, 0.00274725, 0.00274725, 0.00274725], 
              [0.423317, 0.130441, 0.199976, 0.246266]
            ]
          }, {
            "db": 0,
            "id": "Motif_25",
            "alt": "25",
            "len": 9,
            "nsites": 9,
            "pwm": [
              [0.242582, 0.267209, 0.248319, 0.24189], 
              [0.991758, 0.00274725, 0.00274725, 0.00274725], 
              [0.991659, 0.00274725, 0.00274725, 0.00284615], 
              [0.991758, 0.00274725, 0.00274725, 0.00274725], 
              [0.991758, 0.00274725, 0.00274725, 0.00274725], 
              [0.872088, 0.122418, 0.00274725, 0.00274725], 
              [0.746014, 0.248393, 0.00274725, 0.00284614], 
              [0.157642, 0.228858, 0.00274725, 0.610753], 
              [0.234595, 0.189491, 0.203932, 0.371982]
            ]
          }, {
            "db": 0,
            "id": "Motif_26",
            "alt": "26",
            "len": 9,
            "nsites": 9,
            "pwm": [
              [0.29233, 0.19778, 0.171868, 0.338022], 
              [0.00284615, 0.454626, 0.00274725, 0.53978], 
              [0.502, 0.022033, 0.00274725, 0.47322], 
              [0.953582, 0.0408242, 0.00274725, 0.00284615], 
              [0.0601099, 0.919956, 0.00274725, 0.0171868], 
              [0.347516, 0.646989, 0.00274725, 0.00274725], 
              [0.0767253, 0.647286, 0.00274725, 0.273242], 
              [0.749822, 0.127672, 0.00274725, 0.119759], 
              [0.339737, 0.194338, 0.16783, 0.298095]
            ]
          }, {
            "db": 0,
            "id": "Motif_27",
            "alt": "27",
            "len": 9,
            "nsites": 9,
            "pwm": [
              [0.409685, 0.200233, 0.245723, 0.144359], 
              [0.985231, 0.00274725, 0.00284615, 0.00917582], 
              [0.990868, 0.00274725, 0.00363736, 0.00274725], 
              [0.452702, 0.00818627, 0.536364, 0.00274725], 
              [0.00848352, 0.516637, 0.292824, 0.182055], 
              [0.278582, 0.374912, 0.0786044, 0.267901], 
              [0.99156, 0.00284615, 0.00284615, 0.00274725], 
              [0.00294505, 0.366505, 0.627802, 0.00274725], 
              [0.372637, 0.176912, 0.167121, 0.28333]
            ]
          }, {
            "db": 0,
            "id": "Motif_28",
            "alt": "28",
            "len": 9,
            "nsites": 9,
            "pwm": [
              [0.355987, 0.171555, 0.175708, 0.296751], 
              [0.608121, 0.00274725, 0.386385, 0.00274725], 
              [0.00304396, 0.00274725, 0.00274725, 0.991462], 
              [0.376198, 0.00274725, 0.617022, 0.00403297], 
              [0.00274725, 0.946462, 0.00274725, 0.048044], 
              [0.557484, 0.365714, 0.00274725, 0.0740549], 
              [0.809582, 0.00274725, 0.00274725, 0.184923], 
              [0.99156, 0.00274725, 0.00294505, 0.00274725], 
              [0.381736, 0.183143, 0.137055, 0.298066]
            ]
          }, {
            "db": 0,
            "id": "Motif_29",
            "alt": "29",
            "len": 9,
            "nsites": 9,
            "pwm": [
              [0.300538, 0.146549, 0.230516, 0.322396], 
              [0.102341, 0.891374, 0.00274725, 0.00353846], 
              [0.0277692, 0.847956, 0.00274725, 0.121527], 
              [0.00274725, 0.00304396, 0.00274725, 0.991462], 
              [0.991462, 0.00274725, 0.00274725, 0.00304396], 
              [0.00798901, 0.286692, 0.702571, 0.00274725], 
              [0.482121, 0.114505, 0.0732637, 0.33011], 
              [0.455319, 0.286593, 0.101846, 0.156242], 
              [0.337231, 0.182648, 0.178099, 0.302022]
            ]
          }, {
            "db": 0,
            "id": "Motif_3",
            "alt": "3",
            "len": 9,
            "nsites": 9,
            "pwm": [
              [0.228044, 0.258011, 0.17711, 0.336835], 
              [0.00561538, 0.930736, 0.00314286, 0.0605055], 
              [0.493, 0.379462, 0.007, 0.120538], 
