<!DOCTYPE HTML>
<html>
  <head>
    <meta charset="UTF-8">
    <title>TOMTOM</title>
    <script>
      // @JSON_VAR data
      var data = {
        "program": "Tomtom",
        "version": "5.0.4",
        "release": "Wed Jan 23 14:05:40 2019 -0800",
        "cmd": [
          "tomtom", "-oc", "tomtom_conv1_cisbp_t1_allr", "-thresh", "0.1",
          "-dist", "allr", "-no-ssc", "./meme_conv1_thres9.txt",
          "/media/ggj/Files/mount/NvWA_Final/0_TFBS/CisBP/Ciona_intestinalis/Ciona_intestinalis.meme"
        ],
        "options": {
          "strands": "both",
          "distance_measure": "allr",
          "threshold_type": "qvalue",
          "threshold_value": 0.1,
          "background_source": "--query--"
        },
        "alphabet": {
          "name": "DNA",
          "like": "dna",
          "ncore": 4,
          "symbols": [
            {
              "symbol": "A",
              "name": "Adenine",
              "colour": "CC0000",
              "complement": "T"
            }, {
              "symbol": "C",
              "name": "Cytosine",
              "colour": "0000CC",
              "complement": "G"
            }, {
              "symbol": "G",
              "name": "Guanine",
              "colour": "FFB300",
              "complement": "C"
            }, {
              "symbol": "T",
              "aliases": "U",
              "name": "Thymine",
              "colour": "008000",
              "complement": "A"
            }, {
              "symbol": "N",
              "aliases": "X.",
              "name": "Any base",
              "equals": "ACGT"
            }, {
              "symbol": "V",
              "name": "Not T",
              "equals": "ACG"
            }, {
              "symbol": "H",
              "name": "Not G",
              "equals": "ACT"
            }, {
              "symbol": "D",
              "name": "Not C",
              "equals": "AGT"
            }, {
              "symbol": "B",
              "name": "Not A",
              "equals": "CGT"
            }, {
              "symbol": "M",
              "name": "Amino",
              "equals": "AC"
            }, {
              "symbol": "R",
              "name": "Purine",
              "equals": "AG"
            }, {
              "symbol": "W",
              "name": "Weak",
              "equals": "AT"
            }, {
              "symbol": "S",
              "name": "Strong",
              "equals": "CG"
            }, {
              "symbol": "Y",
              "name": "Pyrimidine",
              "equals": "CT"
            }, {
              "symbol": "K",
              "name": "Keto",
              "equals": "GT"
            }
          ]
        },
        "background": [0.25, 0.25, 0.25, 0.25],
        "query_dbs": [
          {
            "source": "./meme_conv1_thres9.txt",
            "name": "meme_conv1_thres9.txt",
            "loaded": 128,
            "excluded": 0,
            "last_modified": "Sat Oct 30 17:57:36 2021"
          }
        ],
        "target_dbs": [
          {
            "source": "/media/ggj/Files/mount/NvWA_Final/0_TFBS/CisBP/Ciona_intestinalis/Ciona_intestinalis.meme",
            "name": "Ciona_intestinalis",
            "loaded": 3788,
            "excluded": 0,
            "last_modified": "Fri Jul  9 12:28:38 2021"
          }
        ],
        "queries": [
          {
            "db": 0,
            "id": "Motif_0",
            "alt": "0",
            "len": 9,
            "nsites": 9,
            "pwm": [
              [0.361066, 0.14289, 0.235363, 0.260681], 
              [0.607527, 0.00274725, 0.0866154, 0.30311], 
              [0.217165, 0.36344, 0.41378, 0.00561538], 
              [0.283033, 0.00324176, 0.687538, 0.0261868], 
              [0.687341, 0.0516044, 0.0159011, 0.245154], 
              [0.00274725, 0.99156, 0.00294505, 0.00274725], 
              [0.00274725, 0.00274725, 0.991758, 0.00274725], 
              [0.00274725, 0.00274725, 0.989879, 0.00462637], 
              [0.269951, 0.173137, 0.227527, 0.329385]
            ]
          }, {
            "db": 0,
            "id": "Motif_1",
            "alt": "1",
            "len": 9,
            "nsites": 9,
            "pwm": [
              [0.261374, 0.190264, 0.182352, 0.366011], 
              [0.00274725, 0.00284615, 0.00274725, 0.991659], 
              [0.00274725, 0.00274725, 0.991659, 0.00284615], 
              [0.00274725, 0.49656, 0.497945, 0.00274725], 
              [0.00274725, 0.340659, 0.00284614, 0.653748], 
              [0.430297, 0.00274725, 0.00274725, 0.564209], 
              [0.00274725, 0.00274725, 0.00274725, 0.991758], 
              [0.00274725, 0.00274725, 0.422484, 0.572022], 
              [0.264637, 0.174341, 0.207176, 0.353846]
            ]
          }, {
            "db": 0,
            "id": "Motif_10",
            "alt": "10",
            "len": 9,
            "nsites": 9,
            "pwm": [
              [0.366802, 0.181264, 0.203418, 0.248516], 
              [0.623253, 0.162868, 0.0569451, 0.156934], 
              [0.17711, 0.0112527, 0.518022, 0.293615], 
              [0.952989, 0.00521978, 0.00343956, 0.0383516], 
              [0.00274725, 0.991758, 0.00274725, 0.00274725], 
              [0.00274725, 0.00274725, 0.991758, 0.00274725], 
              [0.876242, 0.00274725, 0.110253, 0.0107582], 
              [0.025, 0.545615, 0.0618901, 0.367495], 
              [0.342275, 0.170879, 0.221912, 0.264934]
            ]
          }, {
            "db": 0,
            "id": "Motif_100",
            "alt": "100",
            "len": 9,
            "nsites": 9,
            "pwm": [
              [0.245253, 0.265824, 0.164451, 0.324473], 
              [0.108858, 0.211111, 0.314452, 0.365579], 
              [0.00274725, 0.980187, 0.00274725, 0.0143187], 
              [0.00353838, 0.972376, 0.0213388, 0.00274725], 
              [0.00274725, 0.312901, 0.447604, 0.236747], 
              [0.00274725, 0.918571, 0.0285604, 0.0501209], 
              [0.00324181, 0.958722, 0.00848409, 0.0295521], 
              [0.00274725, 0.324769, 0.420407, 0.252077], 
              [0.29151, 0.26115, 0.157809, 0.289532]
            ]
          }, {
            "db": 0,
            "id": "Motif_101",
            "alt": "101",
            "len": 9,
            "nsites": 9,
            "pwm": [
              [0.277593, 0.247132, 0.214791, 0.260484], 
              [0.00274725, 0.991758, 0.00274725, 0.00274725], 
              [0.00531868, 0.651341, 0.0350879, 0.308253], 
              [0.0942216, 0.663835, 0.0710811, 0.170862], 
              [0.00274725, 0.953385, 0.0411209, 0.00274725], 
              [0.285633, 0.00986884, 0.701751, 0.00274725], 
              [0.011946, 0.522129, 0.237364, 0.228561], 
              [0.00294507, 0.89898, 0.0953279, 0.00274725], 
              [0.332714, 0.287017, 0.145674, 0.234595]
            ]
          }, {
            "db": 0,
            "id": "Motif_102",
            "alt": "102",
            "len": 9,
            "nsites": 9,
            "pwm": [
              [0.298363, 0.203319, 0.191747, 0.306571], 
              [0.102242, 0.136165, 0.503286, 0.258308], 
              [0.0108571, 0.980978, 0.00512088, 0.00304396], 
              [0.00353846, 0.00353846, 0.825407, 0.167516], 
              [0.704945, 0.215879, 0.0672308, 0.0119451], 
              [0.500912, 0.123308, 0.130626, 0.245154], 
              [0.00274725, 0.989879, 0.00462637, 0.00274725], 
              [0.00274725, 0.00304396, 0.991462, 0.00274725], 
              [0.29774, 0.214869, 0.186982, 0.30041]
            ]
          }, {
            "db": 0,
            "id": "Motif_103",
            "alt": "103",
            "len": 9,
            "nsites": 9,
            "pwm": [
              [0.368978, 0.190462, 0.162868, 0.277692], 
              [0.0907692, 0.248022, 0.220923, 0.440286], 
              [0.989286, 0.00442857, 0.00353846, 0.00274725], 
              [0.00749451, 0.979198, 0.00274725, 0.0105604], 
              [0.00274725, 0.990374, 0.00413187, 0.00274725], 
              [0.00274725, 0.00274725, 0.991462, 0.00304396], 
              [0.00353846, 0.00274725, 0.00779121, 0.985923], 
              [0.325197, 0.212834, 0.016397, 0.445572], 
              [0.297403, 0.138849, 0.23954, 0.324208]
            ]
          }, {
            "db": 0,
            "id": "Motif_104",
            "alt": "104",
            "len": 9,
            "nsites": 9,
            "pwm": [
              [0.184132, 0.484692, 0.0901758, 0.241], 
              [0.00294505, 0.986319, 0.00274725, 0.00798901], 
              [0.0222327, 0.776726, 0.0631819, 0.13786], 
              [0.00274725, 0.991363, 0.00314286, 0.00274725], 
              [0.401556, 0.584937, 0.00452765, 0.00897865], 
              [0.208758, 0.477275, 0.00274725, 0.31122], 
              [0.00274725, 0.991758, 0.00274725, 0.00274725], 
              [0.00620879, 0.958626, 0.0248022, 0.0103626], 
              [0.23865, 0.347353, 0.0682263, 0.345771]
            ]
          }, {
            "db": 0,
            "id": "Motif_105",
            "alt": "105",
            "len": 9,
            "nsites": 9,
            "pwm": [
              [0.266391, 0.124186, 0.17818, 0.431243], 
              [0.00274725, 0.00274725, 0.562231, 0.432275], 
              [0.00274725, 0.00274725, 0.00274725, 0.991758], 
              [0.00284615, 0.00274725, 0.147835, 0.846571], 
              [0.99156, 0.00274725, 0.00274725, 0.00294505], 
              [0.248244, 0.00274725, 0.00274725, 0.746261], 
              [0.00274725, 0.00274725, 0.320714, 0.673791], 
              [0.00274725, 0.00274725, 0.129452, 0.865053], 
              [0.260707, 0.150421, 0.197503, 0.391369]
            ]
          }, {
            "db": 0,
            "id": "Motif_106",
            "alt": "106",
            "len": 9,
            "nsites": 9,
            "pwm": [
              [0.34989, 0.125286, 0.193231, 0.331593], 
              [0.00630769, 0.00314286, 0.0954176, 0.895132], 
              [0.988495, 0.00601099, 0.00274725, 0.00274725], 
              [0.371945, 0.00502198, 0.322989, 0.300044], 
              [0.00274725, 0.991758, 0.00274725, 0.00274725], 
              [0.00274725, 0.00274725, 0.991758, 0.00274725], 
              [0.460857, 0.090967, 0.206484, 0.241692], 
              [0.32266, 0.667395, 0.00274725, 0.00719736], 
              [0.330044, 0.180688, 0.168423, 0.320845]
            ]
          }, {
            "db": 0,
            "id": "Motif_107",
            "alt": "107",
            "len": 9,
            "nsites": 9,
            "pwm": [
              [0.398352, 0.398352, 0.00274725, 0.200549], 
              [0.398352, 0.00274725, 0.00274725, 0.596154], 
              [0.991758, 0.00274725, 0.00274725, 0.00274725], 
              [0.00274725, 0.596154, 0.00274725, 0.398352], 
              [0.00274725, 0.991758, 0.00274725, 0.00274725], 
              [0.25, 0.25, 0.25, 0.25], [0.25, 0.25, 0.25, 0.25], 
              [0.25, 0.25, 0.25, 0.25], [0.25, 0.25, 0.25, 0.25]
            ]
          }, {
            "db": 0,
            "id": "Motif_108",
            "alt": "108",
            "len": 9,
            "nsites": 9,
            "pwm": [
              [0.335451, 0.190462, 0.202033, 0.272055], 
              [0.00274725, 0.991758, 0.00274725, 0.00274725], 
              [0.00274725, 0.00274725, 0.991758, 0.00274725], 
              [0.00887912, 0.0106593, 0.649165, 0.331297], 
              [0.00512088, 0.00274725, 0.540275, 0.451857], 
              [0.206187, 0.00274725, 0.543637, 0.247429], 
              [0.101549, 0.00274725, 0.0261868, 0.869516], 
              [0.605352, 0.325857, 0.0403297, 0.0284615], 
              [0.358, 0.162077, 0.183242, 0.296681]
            ]
          }, {
            "db": 0,
            "id": "Motif_109",
            "alt": "109",
            "len": 9,
            "nsites": 9,
            "pwm": [
              [0.294407, 0.166033, 0.177505, 0.362055], 
              [0.00274725, 0.00274725, 0.00274725, 0.991758], 
              [0.36878, 0.180571, 0.447901, 0.00274725], 
              [0.00274725, 0.00274725, 0.00274725, 0.991758], 
              [0.00274725, 0.00274725, 0.991758, 0.00274725], 
              [0.166033, 0.276604, 0.00274725, 0.554615], 
              [0.197484, 0.00274725, 0.00274725, 0.797022], 
              [0.351077, 0.00274725, 0.0759341, 0.570242], 
              [0.296286, 0.168901, 0.176615, 0.358198]
            ]
          }, {
            "db": 0,
            "id": "Motif_11",
            "alt": "11",
            "len": 9,
            "nsites": 9,
            "pwm": [
              [0.332385, 0.167615, 0.332385, 0.167615], 
              [0.00274725, 0.200549, 0.200549, 0.596154], 
              [0.25, 0.25, 0.25, 0.25], [0.25, 0.25, 0.00274725, 0.497253], 
              [0.330242, 0.0611047, 0.229748, 0.378906], 
              [0.319527, 0.185121, 0.21133, 0.284022], 
              [0.372934, 0.189967, 0.00274725, 0.434352], 
              [0.422681, 0.17978, 0.268989, 0.128549], 
              [0.286, 0.180275, 0.197879, 0.335846]
            ]
          }, {
            "db": 0,
            "id": "Motif_110",
            "alt": "110",
            "len": 9,
            "nsites": 9,
            "pwm": [
              [0.295989, 0.173945, 0.183044, 0.347022], 
              [0.428955, 0.23588, 0.122924, 0.212241], 
              [0.391863, 0.166346, 0.237265, 0.204526], 
              [0.351804, 0.182765, 0.137266, 0.328164], 
              [0.197167, 0.416904, 0.12112, 0.264809], 
              [0.144063, 0.285279, 0.144063, 0.426595], 
              [0.00274725, 0.200549, 0.398352, 0.398352], 
              [0.00274725, 0.991758, 0.00274725, 0.00274725], 
              [0.442308, 0.112637, 0.112637, 0.332418]
            ]
          }, {
            "db": 0,
            "id": "Motif_111",
            "alt": "111",
            "len": 9,
            "nsites": 9,
            "pwm": [
              [0.250791, 0.156736, 0.19511, 0.397363], 
              [0.00274725, 0.00492308, 0.119549, 0.87278], 
              [0.00492308, 0.0462637, 0.946066, 0.00274725], 
              [0.485385, 0.00274725, 0.00274725, 0.509121], 
              [0.00274725, 0.00274725, 0.990077, 0.00442857], 
              [0.00274725, 0.00274725, 0.991758, 0.00274725], 
              [0.00274725, 0.144967, 0.731055, 0.121231], 
              [0.0031429, 0.0548733, 0.00274725, 0.939237], 
              [0.253535, 0.12646, 0.335417, 0.284587]
            ]
          }, {
            "db": 0,
            "id": "Motif_112",
            "alt": "112",
            "len": 9,
            "nsites": 9,
            "pwm": [
              [0.331297, 0.188681, 0.154462, 0.32556], 
              [0.343922, 0.00284614, 0.00284614, 0.650386], 
              [0.690308, 0.00274725, 0.304099, 0.00284615], 
              [0.00274725, 0.00274725, 0.00284615, 0.991659], 
              [0.00274725, 0.00274725, 0.563714, 0.430791], 
              [0.00274725, 0.376099, 0.618308, 0.00284615], 
              [0.00274725, 0.00274725, 0.00284615, 0.991659], 
              [0.00274725, 0.00274725, 0.00284615, 0.991659], 
              [0.254154, 0.134088, 0.213703, 0.398055]
            ]
          }, {
            "db": 0,
            "id": "Motif_113",
            "alt": "113",
            "len": 9,
            "nsites": 9,
            "pwm": [
              [0.327803, 0.205771, 0.177884, 0.288543], 
              [0.00274725, 0.991758, 0.00274725, 0.00274725], 
              [0.562231, 0.432275, 0.00274725, 0.00274725], 
              [0.00274725, 0.306077, 0.00274725, 0.688429], 
              [0.00274725, 0.00274725, 0.00274725, 0.991758], 
              [0.00274725, 0.00274725, 0.991758, 0.00274725], 
              [0.113231, 0.0303434, 0.00274725, 0.853678], 
              [0.148132, 0.11589, 0.00274725, 0.733231], 
              [0.282835, 0.14744, 0.198473, 0.371253]
            ]
          }, {
            "db": 0,
            "id": "Motif_114",
            "alt": "114",
            "len": 9,
            "nsites": 9,
            "pwm": [
              [0.397165, 0.153473, 0.151099, 0.298264], 
              [0.991264, 0.00274725, 0.00324181, 0.00274725], 
              [0.991758, 0.00274725, 0.00274725, 0.00274725], 
              [0.991758, 0.00274725, 0.00274725, 0.00274725], 
              [0.989286, 0.00274725, 0.00274725, 0.00521978], 
              [0.627407, 0.00274725, 0.00353846, 0.366308], 
              [0.989978, 0.00274725, 0.00274725, 0.00452747], 
              [0.991758, 0.00274725, 0.00274725, 0.00274725], 
              [0.422582, 0.165143, 0.123209, 0.289066]
            ]
          }, {
            "db": 0,
            "id": "Motif_115",
            "alt": "115",
            "len": 9,
            "nsites": 9,
            "pwm": [
              [0.23378, 0.280066, 0.104418, 0.381736], 
              [0.00274725, 0.00274725, 0.991758, 0.00274725], 
              [0.69278, 0.00274725, 0.301725, 0.00274725], 
              [0.00274725, 0.00274725, 0.991758, 0.00274725], 
              [0.00274725, 0.00274725, 0.00274725, 0.991758], 
              [0.991758, 0.00274725, 0.00274725, 0.00274725], 
              [0.25, 0.25, 0.25, 0.25], [0.25, 0.25, 0.25, 0.25], 
              [0.25, 0.25, 0.25, 0.25]
            ]
          }, {
            "db": 0,
            "id": "Motif_116",
            "alt": "116",
            "len": 9,
            "nsites": 9,
            "pwm": [
              [0.277126, 0.164566, 0.208185, 0.350123], 
              [0.41467, 0.00274725, 0.00472527, 0.577857], 
              [0.00274725, 0.00274725, 0.00274725, 0.991758], 
              [0.00274725, 0.00423077, 0.979692, 0.0133297], 
              [0.00304399, 0.00274725, 0.00907756, 0.985131], 
              [0.00274725, 0.00274725, 0.00274725, 0.991758], 
              [0.00274725, 0.00274725, 0.984835, 0.00967033], 
              [0.00274725, 0.00274725, 0.00274725, 0.991758], 
              [0.267407, 0.113813, 0.191055, 0.427725]
            ]
          }, {
            "db": 0,
            "id": "Motif_117",
            "alt": "117",
            "len": 9,
            "nsites": 9,
            "pwm": [
              [0.302516, 0.227648, 0.205692, 0.264143], 
              [0.157231, 0.80622, 0.0213407, 0.0152088], 
              [0.20678, 0.00976923, 0.571725, 0.211725], 
              [0.0326154, 0.956154, 0.00759341, 0.00363736], 
              [0.00274725, 0.268297, 0.725022, 0.00393407], 
              [0.377248, 0.00274725, 0.55723, 0.0627742], 
              [0.143399, 0.837754, 0.0161002, 0.00274725], 
              [0.00274725, 0.13033, 0.862396, 0.00452747], 
              [0.305385, 0.253066, 0.168407, 0.273143]
            ]
          }, {
            "db": 0,
            "id": "Motif_118",
            "alt": "118",
            "len": 9,
            "nsites": 9,
            "pwm": [
              [0.206385, 0.235462, 0.119055, 0.439099], 
              [0.759044, 0.235462, 0.00274725, 0.00274725], 
              [0.00274725, 0.00274725, 0.642736, 0.351769], 
              [0.00274725, 0.991758, 0.00274725, 0.00274725], 
              [0.00274725, 0.332385, 0.00274725, 0.662121], 
              [0.00274725, 0.373626, 0.497253, 0.126374], 
              [0.00274725, 0.991758, 0.00274725, 0.00274725], 
              [0.25, 0.25, 0.25, 0.25], 
              [0.991758, 0.00274725, 0.00274725, 0.00274725]
            ]
          }, {
            "db": 0,
            "id": "Motif_119",
            "alt": "119",
            "len": 9,
            "nsites": 9,
            "pwm": [
              [0.279077, 0.183242, 0.207077, 0.330604], 
              [0.00284615, 0.308253, 0.00294505, 0.685956], 
              [0.00274725, 0.00284615, 0.00274725, 0.991659], 
              [0.00274725, 0.00274725, 0.99156, 0.00294505], 
              [0.00324181, 0.989978, 0.00294507, 0.00383527], 
              [0.00274725, 0.00294505, 0.00274725, 0.99156], 
              [0.263154, 0.00274725, 0.248418, 0.485681], 
              [0.00294507, 0.00274725, 0.00294507, 0.991363], 
              [0.289363, 0.144176, 0.216473, 0.349989]
            ]
          }, {
            "db": 0,
            "id": "Motif_12",
            "alt": "12",
            "len": 9,
            "nsites": 9,
            "pwm": [
              [0.25, 0.25, 0.25, 0.25], [0.25, 0.25, 0.25, 0.25], 
              [0.25, 0.25, 0.25, 0.25], [0.25, 0.25, 0.25, 0.25], 
              [0.00274725, 0.991758, 0.00274725, 0.00274725], 
              [0.497253, 0.497253, 0.00274725, 0.00274725], 
              [0.332385, 0.00274725, 0.662121, 0.00274725], 
              [0.00274725, 0.00274725, 0.00274725, 0.991758], 
              [0.332385, 0.167615, 0.167615, 0.332385]
            ]
          }, {
            "db": 0,
            "id": "Motif_120",
            "alt": "120",
            "len": 9,
            "nsites": 9,
            "pwm": [
              [0.28956, 0.173846, 0.168407, 0.368187], 
              [0.00284615, 0.00274725, 0.00284615, 0.99156], 
              [0.00274725, 0.00274725, 0.99156, 0.00294505], 
              [0.00610989, 0.00274725, 0.00284615, 0.988297], 
              [0.00274725, 0.00274725, 0.00284615, 0.991659], 
              [0.201736, 0.128253, 0.251088, 0.418923], 
              [0.00284615, 0.00274725, 0.00274725, 0.991659], 
              [0.00284614, 0.00274725, 0.00284614, 0.99156], 
              [0.258901, 0.13033, 0.199758, 0.411011]
            ]
          }, {
            "db": 0,
            "id": "Motif_121",
            "alt": "121",
            "len": 9,
            "nsites": 9,
            "pwm": [
              [0.330308, 0.196297, 0.156637, 0.316758], 
              [0.991363, 0.00274725, 0.00274725, 0.00314286], 
              [0.00314286, 0.00274725, 0.00274725, 0.991363], 
              [0.991363, 0.00294505, 0.00274725, 0.00294505], 
              [0.00759341, 0.986022, 0.00363736, 0.00274725], 
              [0.151791, 0.578549, 0.266912, 0.00274725], 
              [0.44577, 0.186128, 0.365355, 0.00274725], 
              [0.00274725, 0.475, 0.519505, 0.00274725], 
              [0.323385, 0.18344, 0.178989, 0.314187]
            ]
          }, {
            "db": 0,
            "id": "Motif_122",
            "alt": "122",
            "len": 9,
            "nsites": 9,
            "pwm": [
              [0.367396, 0.170484, 0.163758, 0.298363], 
              [0.615835, 0.228538, 0.14922, 0.00640659], 
              [0.00284615, 0.991659, 0.00274725, 0.00274725], 
              [0.00274725, 0.00284615, 0.991659, 0.00274725], 
              [0.00274725, 0.00274725, 0.337527, 0.656978], 
              [0.118275, 0.00304399, 0.0031429, 0.875538], 
              [0.153374, 0.00403297, 0.217758, 0.624835], 
              [0.00274725, 0.00274725, 0.00274725, 0.991758], 
              [0.273341, 0.166429, 0.169297, 0.390934]
            ]
          }, {
            "db": 0,
            "id": "Motif_123",
            "alt": "123",
            "len": 9,
            "nsites": 9,
            "pwm": [
              [0.267973, 0.254623, 0.180554, 0.29685], 
              [0.00274725, 0.952396, 0.0421099, 0.00274725], 
              [0.00274725, 0.489094, 0.50462, 0.00353838], 
              [0.0111538, 0.526429, 0.121626, 0.340791], 
              [0.00274725, 0.953879, 0.0404286, 0.00294505], 
              [0.00274725, 0.817396, 0.17711, 0.00274725], 
              [0.00274725, 0.46358, 0.386346, 0.147326], 
              [0.00274725, 0.627505, 0.365912, 0.00383516], 
              [0.281281, 0.292161, 0.156554, 0.270005]
            ]
          }, {
            "db": 0,
            "id": "Motif_124",
            "alt": "124",
            "len": 9,
            "nsites": 9,
            "pwm": [
              [0.342111, 0.220055, 0.219758, 0.218076], 
              [0.947945, 0.00274725, 0.00274725, 0.0465604], 
              [0.353549, 0.00274725, 0.640659, 0.00304396], 
              [0.00363736, 0.00274725, 0.990868, 0.00274725], 
              [0.991758, 0.00274725, 0.00274725, 0.00274725], 
              [0.00274725, 0.922132, 0.00274725, 0.0723736], 
              [0.66578, 0.00274725, 0.328725, 0.00274725], 
              [0.465011, 0.529495, 0.00274725, 0.00274725], 
              [0.377088, 0.210934, 0.173154, 0.238824]
            ]
          }, {
            "db": 0,
            "id": "Motif_125",
            "alt": "125",
            "len": 9,
            "nsites": 9,
            "pwm": [
              [0.335451, 0.157429, 0.243967, 0.263154], 
              [0.139415, 0.416014, 0.441824, 0.00274725], 
              [0.991758, 0.00274725, 0.00274725, 0.00274725], 
              [0.991758, 0.00274725, 0.00274725, 0.00274725], 
              [0.00274725, 0.00274725, 0.991758, 0.00274725], 
              [0.443308, 0.106979, 0.446967, 0.00274725], 
              [0.481923, 0.202033, 0.0455714, 0.270473], 
              [0.248343, 0.0149133, 0.708378, 0.0283652], 
              [0.329945, 0.175841, 0.210361, 0.283852]
            ]
          }, {
            "db": 0,
            "id": "Motif_126",
            "alt": "126",
            "len": 9,
            "nsites": 9,
            "pwm": [
              [0.300341, 0.214198, 0.191253, 0.294209], 
              [0.00274725, 0.991758, 0.00274725, 0.00274725], 
              [0.00274725, 0.00294505, 0.99156, 0.00274725], 
              [0.0474505, 0.00274725, 0.307758, 0.642044], 
              [0.00274725, 0.99156, 0.00274725, 0.00294505], 
              [0.0454768, 0.00294507, 0.449825, 0.501753], 
              [0.0195604, 0.350286, 0.00917582, 0.620978], 
              [0.0232198, 0.57133, 0.376495, 0.028956], 
              [0.264044, 0.22211, 0.235165, 0.278681]
            ]
          }, {
            "db": 0,
            "id": "Motif_127",
            "alt": "127",
            "len": 9,
            "nsites": 9,
            "pwm": [
              [0.352525, 0.186487, 0.201519, 0.259469], 
              [0.00274725, 0.960608, 0.0324146, 0.00423062], 
              [0.166511, 0.46803, 0.362711, 0.00274725], 
              [0.716516, 0.236648, 0.0391429, 0.00769231], 
              [0.588835, 0.00294505, 0.00274725, 0.405473], 
              [0.00274725, 0.991758, 0.00274725, 0.00274725], 
              [0.00274725, 0.00274725, 0.991758, 0.00274725], 
              [0.017978, 0.572813, 0.00274725, 0.406462], 
              [0.290352, 0.188484, 0.190956, 0.330209]
            ]
          }, {
            "db": 0,
            "id": "Motif_13",
            "alt": "13",
            "len": 9,
            "nsites": 9,
            "pwm": [
              [0.278879, 0.16989, 0.202033, 0.349198], 
              [0.276011, 0.00274725, 0.713648, 0.00759341], 
              [0.0267802, 0.00274725, 0.966934, 0.00353846], 
              [0.00927473, 0.00274725, 0.873374, 0.114604], 
              [0.00274725, 0.00274725, 0.71889, 0.275615], 
              [0.00759389, 0.00353854, 0.00274725, 0.98612], 
              [0.00274725, 0.00274725, 0.00274725, 0.991758], 
              [0.00314286, 0.00274725, 0.713154, 0.280956], 
              [0.242681, 0.182055, 0.27522, 0.300044]
            ]
          }, {
            "db": 0,
            "id": "Motif_14",
            "alt": "14",
            "len": 9,
            "nsites": 9,
            "pwm": [
              [0.378967, 0.178, 0.175231, 0.267802], 
              [0.991659, 0.00274725, 0.00284615, 0.00274725], 
              [0.991758, 0.00274725, 0.00274725, 0.00274725], 
              [0.991758, 0.00274725, 0.00274725, 0.00274725], 
              [0.686945, 0.00274725, 0.00274725, 0.30756], 
              [0.00284615, 0.00274725, 0.991659, 0.00274725], 
              [0.00274725, 0.00274725, 0.344154, 0.650352], 
              [0.00274725, 0.00274725, 0.501802, 0.492703], 
              [0.307956, 0.130429, 0.219934, 0.341681]
            ]
          }, {
            "db": 0,
            "id": "Motif_15",
            "alt": "15",
            "len": 9,
            "nsites": 9,
            "pwm": [
              [0.325758, 0.209747, 0.193429, 0.271066], 
              [0.526778, 0.00274725, 0.337264, 0.133211], 
              [0.840637, 0.153868, 0.00274725, 0.00274725], 
              [0.00274725, 0.301231, 0.693275, 0.00274725], 
              [0.342275, 0.00274725, 0.652231, 0.00274725], 
              [0.0475495, 0.00274725, 0.946956, 0.00274725], 
              [0.00274725, 0.37056, 0.00274725, 0.623945], 
              [0.633503, 0.0136275, 0.340528, 0.0123416], 
              [0.338714, 0.162077, 0.207571, 0.291637]
            ]
          }, {
            "db": 0,
            "id": "Motif_16",
            "alt": "16",
            "len": 9,
            "nsites": 9,
            "pwm": [
              [0.251879, 0.185912, 0.172066, 0.390143], 
              [0.111143, 0.133989, 0.509418, 0.245451], 
              [0.00314286, 0.292527, 0.00274725, 0.701582], 
              [0.00284615, 0.991659, 0.00274725, 0.00274725], 
              [0.524451, 0.470055, 0.00274725, 0.00274725], 
              [0.00274725, 0.198967, 0.00274725, 0.795538], 
              [0.0368681, 0.00274725, 0.00492308, 0.955462], 
              [0.00274725, 0.00284616, 0.99156, 0.00284616], 
              [0.222802, 0.228242, 0.206681, 0.342275]
            ]
          }, {
            "db": 0,
            "id": "Motif_17",
            "alt": "17",
            "len": 9,
            "nsites": 9,
            "pwm": [
              [0.363637, 0.178692, 0.228736, 0.228934], 
              [0.468275, 0.223, 0.305978, 0.00274725], 
              [0.00274725, 0.720994, 0.271534, 0.00472508], 
              [0.424603, 0.0848434, 0.487807, 0.00274725], 
              [0.00294505, 0.880495, 0.113813, 0.00274725], 
              [0.00274725, 0.0916593, 0.902846, 0.00274725], 
              [0.0157033, 0.00274725, 0.975341, 0.00620879], 
              [0.00274725, 0.480044, 0.473912, 0.0432967], 
              [0.325659, 0.153868, 0.223593, 0.296879]
            ]
          }, {
            "db": 0,
            "id": "Motif_18",
            "alt": "18",
            "len": 9,
            "nsites": 9,
            "pwm": [
              [0.231209, 0.243176, 0.213703, 0.311912], 
              [0.832709, 0.0779196, 0.00274725, 0.0866238], 
              [0.814609, 0.0389487, 0.0582363, 0.0882063], 
              [0.847956, 0.00759341, 0.0450769, 0.0993736], 
              [0.906604, 0.0614945, 0.013033, 0.0188681], 
              [0.790989, 0.0266813, 0.00442857, 0.177901], 
              [0.00274725, 0.953484, 0.00353846, 0.0402308], 
              [0.00274725, 0.990176, 0.00353854, 0.00353854], 
              [0.351967, 0.174934, 0.154165, 0.318934]
            ]
          }, {
            "db": 0,
            "id": "Motif_19",
            "alt": "19",
            "len": 9,
            "nsites": 9,
            "pwm": [
              [0.345835, 0.200846, 0.126374, 0.326945], 
              [0.955762, 0.00294504, 0.00274725, 0.0385459], 
              [0.109758, 0.776352, 0.0473516, 0.0665385], 
              [0.99156, 0.00274725, 0.00274725, 0.00294505], 
              [0.00294504, 0.00274725, 0.563856, 0.430452], 
              [0.988297, 0.00274725, 0.00274725, 0.00620879], 
              [0.129637, 0.00274725, 0.00274725, 0.864868], 
              [0.99156, 0.00274725, 0.00274725, 0.00294505], 
              [0.294505, 0.182846, 0.149516, 0.373132]
            ]
          }, {
            "db": 0,
            "id": "Motif_2",
            "alt": "2",
            "len": 9,
            "nsites": 9,
            "pwm": [
              [0.00274725, 0.00274725, 0.00274725, 0.991758], 
              [0.25, 0.25, 0.25, 0.25], 
              [0.00274725, 0.00274725, 0.00274725, 0.991758], 
              [0.00274725, 0.991758, 0.00274725, 0.00274725], 
              [0.00274725, 0.991758, 0.00274725, 0.00274725], 
              [0.00274725, 0.991758, 0.00274725, 0.00274725], 
              [0.00274725, 0.991758, 0.00274725, 0.00274725], 
              [0.793956, 0.200549, 0.00274725, 0.00274725], 
              [0.398352, 0.596154, 0.00274725, 0.00274725]
            ]
          }, {
            "db": 0,
            "id": "Motif_20",
            "alt": "20",
            "len": 9,
            "nsites": 9,
            "pwm": [
              [0.303278, 0.157314, 0.245723, 0.293685], 
              [0.681703, 0.158516, 0.156835, 0.00294505], 
              [0.0125385, 0.00274725, 0.00294505, 0.981769], 
              [0.99156, 0.00294505, 0.00274725, 0.00274725], 
              [0.00274725, 0.99156, 0.00294505, 0.00274725], 
              [0.170879, 0.0641648, 0.44711, 0.317846], 
              [0.0528901, 0.0066044, 0.93756, 0.00294505], 
              [0.0304423, 0.00294507, 0.00274725, 0.963865], 
              [0.278879, 0.10333, 0.204604, 0.413187]
            ]
          }, {
            "db": 0,
            "id": "Motif_21",
            "alt": "21",
            "len": 9,
            "nsites": 9,
            "pwm": [
              [0.326648, 0.129242, 0.276604, 0.267505], 
              [0.00274725, 0.250593, 0.743912, 0.00274725], 
              [0.983154, 0.0113516, 0.00274725, 0.00274725], 
              [0.870023, 0.00304393, 0.0534784, 0.0734545], 
              [0.00274725, 0.00274725, 0.991758, 0.00274725], 
              [0.90967, 0.0583297, 0.0292527, 0.00274725], 
              [0.80167, 0.00274725, 0.0446813, 0.150901], 
              [0.00274725, 0.00274725, 0.991758, 0.00274725], 
              [0.357343, 0.174753, 0.21689, 0.251014]
            ]
          }, {
            "db": 0,
            "id": "Motif_22",
            "alt": "22",
            "len": 9,
            "nsites": 9,
            "pwm": [
              [0.36433, 0.201637, 0.178099, 0.255934], 
              [0.382725, 0.589824, 0.00561538, 0.0218352], 
              [0.00274725, 0.956846, 0.0376593, 0.00274725], 
              [0.0602088, 0.00561538, 0.931429, 0.00274725], 
              [0.00274725, 0.175609, 0.710215, 0.111429], 
              [0.665417, 0.0501161, 0.268369, 0.0160976], 
              [0.117088, 0.0040331, 0.00304399, 0.875835], 
              [0.186703, 0.739462, 0.00274725, 0.0710879], 
              [0.292498, 0.259766, 0.162852, 0.284884]
            ]
          }, {
            "db": 0,
            "id": "Motif_23",
            "alt": "23",
            "len": 9,
            "nsites": 9,
            "pwm": [
              [0.25, 0.25, 0.25, 0.25], [0.25, 0.25, 0.25, 0.25], 
              [0.25, 0.25, 0.25, 0.25], [0.25, 0.25, 0.25, 0.25], 
              [0.25, 0.25, 0.25, 0.25], [0.25, 0.25, 0.25, 0.25], 
              [0.25, 0.25, 0.25, 0.25], [0.25, 0.25, 0.25, 0.25], 
              [0.25, 0.25, 0.25, 0.25]
            ]
          }, {
            "db": 0,
            "id": "Motif_24",
            "alt": "24",
            "len": 9,
            "nsites": 9,
            "pwm": [
              [0.303179, 0.164929, 0.162457, 0.369436], 
              [0.631956, 0.00274725, 0.00304396, 0.362253], 
              [0.00274725, 0.00274725, 0.126374, 0.868132], 
              [0.00274725, 0.00274725, 0.991758, 0.00274725], 
              [0.00274725, 0.00274725, 0.00274725, 0.991758], 
              [0.00274725, 0.00334066, 0.991165, 0.00274725], 
              [0.309965, 0.684145, 0.0031429, 0.00274725], 
              [0.715824, 0.00274725, 0.00274725, 0.278681], 
              [0.397857, 0.122912, 0.19689, 0.282341]
            ]
          }, {
            "db": 0,
            "id": "Motif_25",
            "alt": "25",
            "len": 9,
            "nsites": 9,
            "pwm": [
              [0.37778, 0.19511, 0.175824, 0.251286], 
              [0.00274725, 0.991758, 0.00274725, 0.00274725], 
              [0.221121, 0.00274725, 0.661626, 0.114505], 
              [0.0040331, 0.00274725, 0.0389487, 0.954271], 
              [0.00274725, 0.973956, 0.00828571, 0.015011], 
              [0.687637, 0.00274725, 0.105604, 0.204011], 
              [0.00274725, 0.0651538, 0.0167912, 0.915308], 
              [0.00274725, 0.635912, 0.358593, 0.00274725], 
              [0.341978, 0.19778, 0.190956, 0.269286]
            ]
          }, {
            "db": 0,
            "id": "Motif_26",
            "alt": "26",
            "len": 9,
            "nsites": 9,
            "pwm": [
              [0.285604, 0.184231, 0.21044, 0.319725], 
              [0.0616864, 0.0469516, 0.835807, 0.0555552], 
              [0.0073956, 0.974154, 0.0153077, 0.00314286], 
              [0.00274725, 0.538593, 0.455912, 0.00274725], 
              [0.00314286, 0.312308, 0.582703, 0.101846], 
              [0.759736, 0.118758, 0.118363, 0.00314286], 
              [0.0196576, 0.648012, 0.196673, 0.135657], 
              [0.00630805, 0.984637, 0.00630805, 0.00274725], 
              [0.366308, 0.216868, 0.156835, 0.259989]
            ]
          }, {
            "db": 0,
            "id": "Motif_27",
            "alt": "27",
            "len": 9,
            "nsites": 9,
            "pwm": [
              [0.330439, 0.166247, 0.226088, 0.277225], 
              [0.00274725, 0.99067, 0.00383516, 0.00274725], 
              [0.00274725, 0.00294505, 0.99156, 0.00274725], 
              [0.138044, 0.0228242, 0.136956, 0.702176], 
              [0.0243077, 0.774473, 0.194615, 0.0066044], 
              [0.188663, 0.0266789, 0.633574, 0.151084], 
              [0.137648, 0.602286, 0.246637, 0.0134286], 
              [0.00274725, 0.323681, 0.670824, 0.00274725], 
              [0.291015, 0.191234, 0.244437, 0.273314]
            ]
          }, {
            "db": 0,
            "id": "Motif_28",
            "alt": "28",
            "len": 9,
            "nsites": 9,
            "pwm": [
              [0.25, 0.25, 0.25, 0.25], [0.25, 0.25, 0.25, 0.25], 
              [0.25, 0.25, 0.25, 0.25], [0.25, 0.25, 0.25, 0.25], 
              [0.25, 0.25, 0.25, 0.25], [0.25, 0.25, 0.25, 0.25], 
              [0.00274725, 0.991758, 0.00274725, 0.00274725], 
              [0.991758, 0.00274725, 0.00274725, 0.00274725], 
              [0.261769, 0.238231, 0.214692, 0.285308]
            ]
          }, {
            "db": 0,
            "id": "Motif_29",
            "alt": "29",
            "len": 9,
            "nsites": 9,
            "pwm": [
              [0.348308, 0.135967, 0.181066, 0.334659], 
              [0.00294505, 0.00274725, 0.00274725, 0.99156], 
              [0.853014, 0.0309312, 0.0033406, 0.112714], 
              [0.00274725, 0.00274725, 0.375604, 0.618901], 
              [0.00294505, 0.00274725, 0.257813, 0.736495], 
              [0.983747, 0.0103626, 0.00294505, 0.00294505], 
              [0.00294505, 0.00274725, 0.00274725, 0.99156], 
              [0.990967, 0.00284615, 0.00274725, 0.00343956], 
              [0.309173, 0.163082, 0.138354, 0.38939]
            ]
          }, {
            "db": 0,
            "id": "Motif_3",
            "alt": "3",
            "len": 9,
            "nsites": 9,
            "pwm": [
              [0.25, 0.25, 0.25, 0.25], [0.25, 0.25, 0.25, 0.25], 
              [0.25, 0.25, 0.25, 0.25], [0.25, 0.25, 0.25, 0.25], 
              [0.25, 0.25, 0.25, 0.25], [0.25, 0.25, 0.25, 0.25], 
              [0.25, 0.25, 0.25, 0.25], [0.25, 0.25, 0.25, 0.25], 
              [0.25, 0.25, 0.25, 0.25]
            ]
          }, {
            "db": 0,
            "id": "Motif_30",
            "alt": "30",
            "len": 9,
            "nsites": 9,
            "pwm": [
              [0.360508, 0.214911, 0.137761, 0.28682], 
              [0.906802, 0.0361758, 0.0535824, 0.00343956], 
              [0.113714, 0.00274725, 0.831934, 0.0516044], 
              [0.00274725, 0.00274725, 0.00274725, 0.991758], 
              [0.00274725, 0.00274725, 0.0370659, 0.95744], 
              [0.00274725, 0.00274725, 0.00324176, 0.991264], 
              [0.00274725, 0.00274725, 0.842516, 0.151989], 
