<!DOCTYPE HTML>
<html>
  <head>
    <meta charset="UTF-8">
    <title>TOMTOM</title>
    <script>
      // @JSON_VAR data
      var data = {
        "program": "Tomtom",
        "version": "5.0.4",
        "release": "Wed Jan 23 14:05:40 2019 -0800",
        "cmd": [
          "tomtom", "-oc", "tomtom_conv1_CisTarget_t1_allr", "-thresh", "0.1",
          "-dist", "allr", "-no-ssc", "./meme_conv1_thres9.txt",
          "/media/ggj/Files/mount/NvWA_Final/0_TFBS/Motif_scenic/out.meme"
        ],
        "options": {
          "strands": "both",
          "distance_measure": "allr",
          "threshold_type": "qvalue",
          "threshold_value": 0.1,
          "background_source": "--query--"
        },
        "alphabet": {
          "name": "DNA",
          "like": "dna",
          "ncore": 4,
          "symbols": [
            {
              "symbol": "A",
              "name": "Adenine",
              "colour": "CC0000",
              "complement": "T"
            }, {
              "symbol": "C",
              "name": "Cytosine",
              "colour": "0000CC",
              "complement": "G"
            }, {
              "symbol": "G",
              "name": "Guanine",
              "colour": "FFB300",
              "complement": "C"
            }, {
              "symbol": "T",
              "aliases": "U",
              "name": "Thymine",
              "colour": "008000",
              "complement": "A"
            }, {
              "symbol": "N",
              "aliases": "X.",
              "name": "Any base",
              "equals": "ACGT"
            }, {
              "symbol": "V",
              "name": "Not T",
              "equals": "ACG"
            }, {
              "symbol": "H",
              "name": "Not G",
              "equals": "ACT"
            }, {
              "symbol": "D",
              "name": "Not C",
              "equals": "AGT"
            }, {
              "symbol": "B",
              "name": "Not A",
              "equals": "CGT"
            }, {
              "symbol": "M",
              "name": "Amino",
              "equals": "AC"
            }, {
              "symbol": "R",
              "name": "Purine",
              "equals": "AG"
            }, {
              "symbol": "W",
              "name": "Weak",
              "equals": "AT"
            }, {
              "symbol": "S",
              "name": "Strong",
              "equals": "CG"
            }, {
              "symbol": "Y",
              "name": "Pyrimidine",
              "equals": "CT"
            }, {
              "symbol": "K",
              "name": "Keto",
              "equals": "GT"
            }
          ]
        },
        "background": [0.25, 0.25, 0.25, 0.25],
        "query_dbs": [
          {
            "source": "./meme_conv1_thres9.txt",
            "name": "meme_conv1_thres9.txt",
            "loaded": 128,
            "excluded": 0,
            "last_modified": "Sun Oct 31 21:06:33 2021"
          }
        ],
        "target_dbs": [
          {
            "source": "/media/ggj/Files/mount/NvWA_Final/0_TFBS/Motif_scenic/out.meme",
            "name": "out",
            "loaded": 9761,
            "excluded": 0,
            "last_modified": "Fri Apr 16 15:43:32 2021"
          }
        ],
        "queries": [
          {
            "db": 0,
            "id": "Motif_0",
            "alt": "0",
            "len": 9,
            "nsites": 9,
            "pwm": [
              [0.25497, 0.297799, 0.22866, 0.218571], 
              [0.562527, 0.311319, 0.123407, 0.00274725], 
              [0.00284616, 0.0102645, 0.983944, 0.00294507], 
              [0.33911, 0.652824, 0.00442857, 0.00363736], 
              [0.00274725, 0.988, 0.00274725, 0.00650549], 
              [0.335714, 0.43955, 0.00274725, 0.221989], 
              [0.0197582, 0.926484, 0.0503187, 0.00343956], 
              [0.961, 0.00274725, 0.0335055, 0.00274725], 
              [0.320121, 0.221121, 0.221714, 0.237044]
            ]
          }, {
            "db": 0,
            "id": "Motif_1",
            "alt": "1",
            "len": 9,
            "nsites": 9,
            "pwm": [
              [0.271264, 0.175132, 0.309341, 0.244264], 
              [0.00334066, 0.00294505, 0.99067, 0.00304396], 
              [0.00620914, 0.315998, 0.00284616, 0.674946], 
              [0.00294505, 0.00571429, 0.988495, 0.00284615], 
              [0.333242, 0.20765, 0.456163, 0.00294504], 
              [0.991363, 0.00284615, 0.00284615, 0.00294505], 
              [0.00284615, 0.00284615, 0.99156, 0.00274725], 
              [0.392654, 0.42391, 0.178809, 0.00462656], 
              [0.34132, 0.192459, 0.223517, 0.242705]
            ]
          }, {
            "db": 0,
            "id": "Motif_10",
            "alt": "10",
            "len": 9,
            "nsites": 9,
            "pwm": [
              [0.25952, 0.188997, 0.231232, 0.320252], 
              [0.00274725, 0.00274725, 0.28333, 0.711176], 
              [0.940429, 0.00274725, 0.00274725, 0.0540769], 
              [0.270571, 0.00274725, 0.00274725, 0.723934], 
              [0.182055, 0.00274725, 0.00274725, 0.812451], 
              [0.00274725, 0.00274725, 0.322, 0.672505], 
              [0.00274725, 0.00274725, 0.991758, 0.00274725], 
              [0.00274725, 0.00274725, 0.981374, 0.0131319], 
              [0.277396, 0.266121, 0.195703, 0.26078]
            ]
          }, {
            "db": 0,
            "id": "Motif_100",
            "alt": "100",
            "len": 9,
            "nsites": 9,
            "pwm": [
              [0.238033, 0.248418, 0.243571, 0.269978], 
              [0.00274725, 0.973363, 0.021044, 0.00284615], 
              [0.221934, 0.00274725, 0.00284616, 0.772473], 
              [0.0110549, 0.00413187, 0.0403297, 0.944484], 
              [0.00284616, 0.597994, 0.396413, 0.00274725], 
              [0.743022, 0.00274725, 0.249407, 0.00482418], 
              [0.00274725, 0.0185698, 0.952202, 0.0264811], 
              [0.00274725, 0.758154, 0.236253, 0.00284615], 
              [0.340791, 0.186209, 0.201044, 0.271956]
            ]
          }, {
            "db": 0,
            "id": "Motif_101",
            "alt": "101",
            "len": 9,
            "nsites": 9,
            "pwm": [
              [0.419912, 0.200451, 0.135077, 0.24456], 
              [0.991758, 0.00274725, 0.00274725, 0.00274725], 
              [0.987802, 0.00274725, 0.00630769, 0.00314286], 
              [0.013033, 0.00274725, 0.00274725, 0.981473], 
              [0.384901, 0.0383516, 0.00274725, 0.574], 
              [0.983945, 0.00274725, 0.00274725, 0.0105604], 
              [0.962481, 0.0315304, 0.00324181, 0.00274725], 
              [0.198769, 0.0682198, 0.730066, 0.00294505], 
              [0.304327, 0.229056, 0.150026, 0.316592]
            ]
          }, {
            "db": 0,
            "id": "Motif_102",
            "alt": "102",
            "len": 9,
            "nsites": 9,
            "pwm": [
              [0.300044, 0.201044, 0.230022, 0.26889], 
              [0.00284614, 0.99156, 0.00274725, 0.00284614], 
              [0.982362, 0.00284616, 0.0120449, 0.00274725], 
              [0.515993, 0.476832, 0.00432951, 0.00284614], 
              [0.105495, 0.00274725, 0.304267, 0.587491], 
              [0.0153077, 0.00274725, 0.0861209, 0.895824], 
              [0.00274725, 0.00274725, 0.00274725, 0.991758], 
              [0.411267, 0.00284614, 0.00274725, 0.58314], 
              [0.284446, 0.211548, 0.171687, 0.332319]
            ]
          }, {
            "db": 0,
            "id": "Motif_103",
            "alt": "103",
            "len": 9,
            "nsites": 9,
            "pwm": [
              [0.278681, 0.213802, 0.247429, 0.260088], 
              [0.00274725, 0.268791, 0.723934, 0.00452747], 
              [0.972077, 0.00274725, 0.0224286, 0.00274725], 
              [0.00442857, 0.167615, 0.11856, 0.709396], 
              [0.00274725, 0.827978, 0.149615, 0.0196593], 
              [0.0898791, 0.861011, 0.0463626, 0.00274725], 
              [0.870011, 0.0141209, 0.00274725, 0.113121], 
              [0.00274725, 0.609703, 0.384802, 0.00274725], 
              [0.289136, 0.258183, 0.202409, 0.250272]
            ]
          }, {
            "db": 0,
            "id": "Motif_104",
            "alt": "104",
            "len": 9,
            "nsites": 9,
            "pwm": [
              [0.278159, 0.195288, 0.188564, 0.337988], 
              [0.120254, 0.00274725, 0.00620914, 0.87079], 
              [0.00284614, 0.381402, 0.612906, 0.00284614], 
              [0.724429, 0.00284615, 0.269978, 0.00274725], 
              [0.63611, 0.00324176, 0.0896813, 0.270967], 
              [0.0847445, 0.00274725, 0.909662, 0.00284616], 
              [0.00274725, 0.00274725, 0.00294505, 0.99156], 
              [0.471044, 0.00274725, 0.00284615, 0.523363], 
              [0.226066, 0.254154, 0.236451, 0.28333]
            ]
          }, {
            "db": 0,
            "id": "Motif_105",
            "alt": "105",
            "len": 9,
            "nsites": 9,
            "pwm": [
              [0.310756, 0.276038, 0.208878, 0.204328], 
              [0.991758, 0.00274725, 0.00274725, 0.00274725], 
              [0.448, 0.00274725, 0.282538, 0.266714], 
              [0.00274725, 0.0105612, 0.0059124, 0.980779], 
              [0.00274725, 0.00274725, 0.469462, 0.525044], 
              [0.00274725, 0.00274725, 0.991758, 0.00274725], 
              [0.00274725, 0.231011, 0.763495, 0.00274725], 
              [0.00937296, 0.981671, 0.00620845, 0.00274725], 
              [0.34267, 0.215187, 0.211132, 0.231011]
            ]
          }, {
            "db": 0,
            "id": "Motif_106",
            "alt": "106",
            "len": 9,
            "nsites": 9,
            "pwm": [
              [0.218451, 0.233879, 0.286297, 0.261374], 
              [0.152879, 0.529396, 0.0186703, 0.299055], 
              [0.00274725, 0.0121429, 0.597341, 0.387769], 
              [0.00274725, 0.232396, 0.76211, 0.00274725], 
              [0.00274725, 0.743714, 0.250791, 0.00274725], 
              [0.00274725, 0.00294505, 0.99156, 0.00274725], 
              [0.00274725, 0.00274725, 0.959813, 0.0346923], 
              [0.57742, 0.309767, 0.0068026, 0.10601], 
              [0.286622, 0.179996, 0.28138, 0.252003]
            ]
          }, {
            "db": 0,
            "id": "Motif_107",
            "alt": "107",
            "len": 9,
            "nsites": 9,
            "pwm": [
              [0.319658, 0.203339, 0.255663, 0.221341], 
              [0.47856, 0.514462, 0.00423077, 0.00274725], 
              [0.0589287, 0.138057, 0.201361, 0.601653], 
              [0.00274725, 0.00274725, 0.991758, 0.00274725], 
              [0.418767, 0.476927, 0.100867, 0.00343963], 
              [0.00274725, 0.389549, 0.00274725, 0.604956], 
              [0.991758, 0.00274725, 0.00274725, 0.00274725], 
              [0.00274725, 0.935385, 0.00274725, 0.0591209], 
              [0.29948, 0.228264, 0.191766, 0.280489]
            ]
          }, {
            "db": 0,
            "id": "Motif_108",
            "alt": "108",
            "len": 9,
            "nsites": 9,
            "pwm": [
              [0.26533, 0.185121, 0.218253, 0.331297], 
              [0.00274725, 0.0756374, 0.601692, 0.319923], 
              [0.00314282, 0.00274725, 0.991264, 0.00284614], 
              [0.372736, 0.0360769, 0.00284615, 0.588341], 
              [0.00274725, 0.00274725, 0.991659, 0.00284615], 
              [0.00284615, 0.522473, 0.00284615, 0.471835], 
              [0.254549, 0.00284615, 0.114901, 0.627703], 
              [0.00274725, 0.00274725, 0.991659, 0.00284615], 
              [0.215582, 0.290154, 0.269681, 0.224582]
            ]
          }, {
            "db": 0,
            "id": "Motif_109",
            "alt": "109",
            "len": 9,
            "nsites": 9,
            "pwm": [
              [0.35675, 0.155763, 0.123913, 0.363575], 
              [0.483209, 0.00284615, 0.0609011, 0.453044], 
              [0.00284615, 0.00274725, 0.00274725, 0.991659], 
              [0.991659, 0.00274725, 0.00274725, 0.00284615], 
              [0.602681, 0.00274725, 0.00274725, 0.391824], 
              [0.991758, 0.00274725, 0.00274725, 0.00274725], 
              [0.417242, 0.00274725, 0.00274725, 0.577264], 
              [0.00274725, 0.00274725, 0.33367, 0.660835], 
              [0.284615, 0.175626, 0.171176, 0.368582]
            ]
          }, {
            "db": 0,
            "id": "Motif_11",
            "alt": "11",
            "len": 9,
            "nsites": 9,
            "pwm": [
              [0.274527, 0.211033, 0.226462, 0.287978], 
              [0.00284615, 0.00976923, 0.828967, 0.158418], 
              [0.367062, 0.586106, 0.0294479, 0.0173832], 
              [0.874857, 0.112725, 0.00274725, 0.00967033], 
              [0.409132, 0.00274725, 0.545319, 0.0428022], 
              [0.00274725, 0.00274725, 0.991758, 0.00274725], 
              [0.147736, 0.00393407, 0.845484, 0.00284615], 
              [0.180985, 0.663868, 0.00274725, 0.1524], 
              [0.323582, 0.199462, 0.256429, 0.220527]
            ]
          }, {
            "db": 0,
            "id": "Motif_110",
            "alt": "110",
            "len": 9,
            "nsites": 9,
            "pwm": [
              [0.477524, 0.156622, 0.132295, 0.233559], 
              [0.813934, 0.00274725, 0.00274725, 0.180571], 
              [0.99156, 0.00294505, 0.00274725, 0.00274725], 
              [0.664495, 0.00274725, 0.00274725, 0.330011], 
              [0.99156, 0.00274725, 0.00274725, 0.00294505], 
              [0.846374, 0.148132, 0.00274725, 0.00274725], 
              [0.780385, 0.00284616, 0.00274725, 0.214021], 
              [0.991758, 0.00274725, 0.00274725, 0.00274725], 
              [0.490429, 0.131912, 0.120143, 0.257516]
            ]
          }, {
            "db": 0,
            "id": "Motif_111",
            "alt": "111",
            "len": 9,
            "nsites": 9,
            "pwm": [
              [0.334594, 0.229649, 0.245079, 0.190678], 
              [0.99156, 0.00284615, 0.00284615, 0.00274725], 
              [0.00284615, 0.00274725, 0.469363, 0.525044], 
              [0.00561538, 0.00274725, 0.988791, 0.00284615], 
              [0.211824, 0.272945, 0.512385, 0.00284615], 
              [0.00502198, 0.00274725, 0.270473, 0.721758], 
              [0.469462, 0.524846, 0.00284615, 0.00284615], 
              [0.00284615, 0.0872088, 0.00274725, 0.907198], 
              [0.218274, 0.213527, 0.259421, 0.308778]
            ]
          }, {
            "db": 0,
            "id": "Motif_112",
            "alt": "112",
            "len": 9,
            "nsites": 9,
            "pwm": [
              [0.217681, 0.266246, 0.179106, 0.336967], 
              [0.00294504, 0.0175809, 0.976727, 0.00274725], 
              [0.0348933, 0.959315, 0.00304399, 0.00274725], 
              [0.00274725, 0.970593, 0.00274725, 0.0239121], 
              [0.00274725, 0.0154066, 0.677352, 0.304495], 
              [0.0206466, 0.948147, 0.028459, 0.00274725], 
              [0.0256923, 0.204308, 0.0159011, 0.754099], 
              [0.153967, 0.425549, 0.41744, 0.00304396], 
              [0.24644, 0.285308, 0.239418, 0.228835]
            ]
          }, {
            "db": 0,
            "id": "Motif_113",
            "alt": "113",
            "len": 9,
            "nsites": 9,
            "pwm": [
              [0.366703, 0.212615, 0.198769, 0.221912], 
              [0.991758, 0.00274725, 0.00274725, 0.00274725], 
              [0.502692, 0.00274725, 0.195703, 0.298857], 
              [0.430834, 0.00274725, 0.00274725, 0.563671], 
              [0.350385, 0.00274725, 0.644022, 0.00284615], 
              [0.00274725, 0.31478, 0.0186703, 0.663802], 
              [0.00274725, 0.00274725, 0.00284615, 0.991659], 
              [0.00274725, 0.00274725, 0.991758, 0.00274725], 
              [0.249085, 0.250668, 0.217737, 0.28251]
            ]
          }, {
            "db": 0,
            "id": "Motif_114",
            "alt": "114",
            "len": 9,
            "nsites": 9,
            "pwm": [
              [0.310725, 0.210538, 0.240802, 0.237934], 
              [0.54299, 0.0867059, 0.183224, 0.18708], 
              [0.330505, 0.00274725, 0.23022, 0.436527], 
              [0.988396, 0.00274725, 0.00284615, 0.00601099], 
              [0.991758, 0.00274725, 0.00274725, 0.00274725], 
              [0.00294505, 0.99156, 0.00274725, 0.00274725], 
              [0.00274725, 0.293714, 0.186604, 0.516934], 
              [0.00274725, 0.00274725, 0.991659, 0.00284615], 
              [0.306145, 0.256107, 0.216451, 0.221297]
            ]
          }, {
            "db": 0,
            "id": "Motif_115",
            "alt": "115",
            "len": 9,
            "nsites": 9,
            "pwm": [
              [0.31135, 0.222725, 0.176732, 0.289193], 
              [0.910165, 0.00274725, 0.00353846, 0.0835495], 
              [0.0871099, 0.628198, 0.00274725, 0.281945], 
              [0.0243098, 0.947248, 0.0125394, 0.0159024], 
              [0.00274725, 0.936176, 0.0583297, 0.00274725], 
              [0.0173846, 0.0187692, 0.111538, 0.852308], 
              [0.0361725, 0.106781, 0.00274725, 0.854299], 
              [0.00274725, 0.053978, 0.00274725, 0.940527], 
              [0.20678, 0.215978, 0.229132, 0.34811]
            ]
          }, {
            "db": 0,
            "id": "Motif_116",
            "alt": "116",
            "len": 9,
            "nsites": 9,
            "pwm": [
              [0.228044, 0.221813, 0.280857, 0.269286], 
              [0.00353846, 0.990868, 0.00284615, 0.00274725], 
              [0.00274725, 0.214812, 0.750415, 0.0320249], 
              [0.00739607, 0.752196, 0.234298, 0.00611023], 
              [0.0478462, 0.00274725, 0.932121, 0.0172857], 
              [0.258901, 0.512582, 0.225769, 0.00274725], 
              [0.0953094, 0.404542, 0.14614, 0.354009], 
              [0.991758, 0.00274725, 0.00274725, 0.00274725], 
              [0.317253, 0.217363, 0.21667, 0.248714]
            ]
          }, {
            "db": 0,
            "id": "Motif_117",
            "alt": "117",
            "len": 9,
            "nsites": 9,
            "pwm": [
              [0.405077, 0.181264, 0.171967, 0.241692], 
              [0.991659, 0.00274725, 0.00274725, 0.00284615], 
              [0.986319, 0.00274725, 0.00284615, 0.00808791], 
              [0.0128352, 0.00274725, 0.969802, 0.0146154], 
              [0.60828, 0.00274725, 0.00294507, 0.386027], 
              [0.662516, 0.00274725, 0.00274725, 0.331989], 
              [0.702543, 0.00274725, 0.00413201, 0.290578], 
              [0.99156, 0.00274725, 0.00284615, 0.00284615], 
              [0.34857, 0.175214, 0.163544, 0.312672]
            ]
          }, {
            "db": 0,
            "id": "Motif_118",
            "alt": "118",
            "len": 9,
            "nsites": 9,
            "pwm": [
              [0.225549, 0.265501, 0.272918, 0.236032], 
              [0.0273736, 0.967132, 0.00274725, 0.00274725], 
              [0.0926484, 0.133593, 0.0346923, 0.739066], 
              [0.00274725, 0.00274725, 0.787725, 0.20678], 
              [0.541264, 0.0985824, 0.334363, 0.0257912], 
              [0.00274725, 0.682989, 0.0392418, 0.275022], 
              [0.00274725, 0.991264, 0.00274725, 0.00324176], 
              [0.00571429, 0.988791, 0.00274725, 0.00274725], 
              [0.351635, 0.194794, 0.190542, 0.263029]
            ]
          }, {
            "db": 0,
            "id": "Motif_119",
            "alt": "119",
            "len": 9,
            "nsites": 9,
            "pwm": [
              [0.194992, 0.233856, 0.247404, 0.323748], 
              [0.00274725, 0.991659, 0.00284615, 0.00274725], 
              [0.00274725, 0.00284615, 0.991659, 0.00274725], 
              [0.00274725, 0.707121, 0.287286, 0.00284615], 
              [0.00274725, 0.00284615, 0.108868, 0.885538], 
              [0.161582, 0.206187, 0.628989, 0.00324176], 
              [0.157725, 0.214198, 0.00274725, 0.62533], 
              [0.00284615, 0.00274725, 0.343659, 0.650747], 
              [0.180176, 0.269385, 0.279077, 0.271363]
            ]
          }, {
            "db": 0,
            "id": "Motif_12",
            "alt": "12",
            "len": 9,
            "nsites": 9,
            "pwm": [
              [0.336934, 0.198275, 0.181363, 0.283429], 
              [0.570242, 0.273736, 0.00274725, 0.153275], 
              [0.00274725, 0.00284615, 0.00274725, 0.991659], 
              [0.00274725, 0.2069, 0.20957, 0.580783], 
              [0.00284615, 0.991659, 0.00274725, 0.00274725], 
              [0.914418, 0.0795934, 0.00274725, 0.00324176], 
              [0.753011, 0.0595165, 0.00294505, 0.184527], 
              [0.987704, 0.00284614, 0.00284614, 0.00660401], 
              [0.330671, 0.159292, 0.169082, 0.340955]
            ]
          }, {
            "db": 0,
            "id": "Motif_120",
            "alt": "120",
            "len": 9,
            "nsites": 9,
            "pwm": [
              [0.38395, 0.206009, 0.173764, 0.236276], 
              [0.973165, 0.00284615, 0.0211429, 0.00284615], 
              [0.991659, 0.00274725, 0.00274725, 0.00284615], 
              [0.389648, 0.00274725, 0.00274725, 0.604857], 
              [0.971484, 0.00274725, 0.00274725, 0.023022], 
              [0.991659, 0.00284615, 0.00274725, 0.00274725], 
              [0.0688198, 0.160411, 0.523514, 0.247255], 
              [0.116286, 0.00284615, 0.224286, 0.656582], 
              [0.319824, 0.159209, 0.208857, 0.31211]
            ]
          }, {
            "db": 0,
            "id": "Motif_121",
            "alt": "121",
            "len": 9,
            "nsites": 9,
            "pwm": [
              [0.34811, 0.168407, 0.232692, 0.250791], 
              [0.0842418, 0.00274725, 0.908978, 0.00403297], 
              [0.00274725, 0.825407, 0.00274725, 0.169099], 
              [0.574692, 0.049033, 0.36433, 0.0119451], 
              [0.00274725, 0.00274725, 0.865462, 0.129044], 
              [0.00274725, 0.991264, 0.00274725, 0.00324176], 
              [0.991462, 0.00274725, 0.00274725, 0.00304396], 
              [0.379796, 0.351507, 0.265949, 0.00274725], 
              [0.268917, 0.320944, 0.188403, 0.221736]
            ]
          }, {
            "db": 0,
            "id": "Motif_122",
            "alt": "122",
            "len": 9,
            "nsites": 9,
            "pwm": [
              [0.271632, 0.246811, 0.205771, 0.275786], 
              [0.330077, 0.02658, 0.600545, 0.0427982], 
              [0.0635775, 0.00472547, 0.928554, 0.0031429], 
              [0.99156, 0.00274725, 0.00274725, 0.00294505], 
              [0.00274725, 0.0102637, 0.81967, 0.167319], 
              [0.00393407, 0.697527, 0.293022, 0.00551648], 
              [0.33011, 0.66222, 0.00274725, 0.00492308], 
              [0.00373626, 0.0382527, 0.00274725, 0.955264], 
              [0.184923, 0.259099, 0.271857, 0.284121]
            ]
          }, {
            "db": 0,
            "id": "Motif_123",
            "alt": "123",
            "len": 9,
            "nsites": 9,
            "pwm": [
              [0.26204, 0.284686, 0.234449, 0.218825], 
              [0.513571, 0.00541758, 0.478165, 0.00284615], 
              [0.235979, 0.271587, 0.272478, 0.219956], 
              [0.00294505, 0.99156, 0.00274725, 0.00274725], 
              [0.974945, 0.00304396, 0.0192637, 0.00274725], 
              [0.412593, 0.00304396, 0.581615, 0.00274725], 
              [0.00274725, 0.99156, 0.00294505, 0.00274725], 
              [0.00274725, 0.494484, 0.500022, 0.00274725], 
              [0.370919, 0.198453, 0.255513, 0.175115]
            ]
          }, {
            "db": 0,
            "id": "Motif_124",
            "alt": "124",
            "len": 9,
            "nsites": 9,
            "pwm": [
              [0.366505, 0.202527, 0.160198, 0.270769], 
              [0.960703, 0.0338022, 0.00274725, 0.00274725], 
              [0.0281674, 0.0379596, 0.00274725, 0.931126], 
              [0.345276, 0.241914, 0.0276728, 0.385137], 
              [0.00274725, 0.99156, 0.00274725, 0.00294505], 
              [0.155763, 0.00294507, 0.00274725, 0.838545], 
              [0.936269, 0.0580385, 0.00274725, 0.00294507], 
              [0.930538, 0.0284615, 0.00274725, 0.0382527], 
              [0.37485, 0.159422, 0.153784, 0.311943]
            ]
          }, {
            "db": 0,
            "id": "Motif_125",
            "alt": "125",
            "len": 9,
            "nsites": 9,
            "pwm": [
              [0.239813, 0.205791, 0.330209, 0.224187], 
              [0.472476, 0.521931, 0.00284616, 0.00274725], 
              [0.00274725, 0.702275, 0.00274725, 0.292231], 
              [0.0773187, 0.00284615, 0.917088, 0.00274725], 
              [0.203022, 0.00274725, 0.79089, 0.00334066], 
              [0.00284615, 0.740055, 0.00274725, 0.254352], 
              [0.0601099, 0.00304396, 0.933703, 0.00314286], 
              [0.0483407, 0.00274725, 0.946165, 0.00274725], 
              [0.28422, 0.341978, 0.16633, 0.207473]
            ]
          }, {
            "db": 0,
            "id": "Motif_126",
            "alt": "126",
            "len": 9,
            "nsites": 9,
            "pwm": [
              [0.265303, 0.210518, 0.227824, 0.296355], 
              [0.387967, 0.606341, 0.00284615, 0.00284615], 
              [0.00274725, 0.537505, 0.457, 0.00274725], 
              [0.00274725, 0.135571, 0.858934, 0.00274725], 
              [0.0910659, 0.00274725, 0.00294505, 0.903242], 
              [0.00304396, 0.00274725, 0.475297, 0.518912], 
              [0.00284615, 0.00274725, 0.0322198, 0.962187], 
              [0.0488352, 0.00274725, 0.00274725, 0.94567], 
              [0.175609, 0.261546, 0.24246, 0.320386]
            ]
          }, {
            "db": 0,
            "id": "Motif_127",
            "alt": "127",
            "len": 9,
            "nsites": 9,
            "pwm": [
              [0.239592, 0.191135, 0.279148, 0.290125], 
              [0.00284615, 0.401912, 0.0575385, 0.537703], 
              [0.00432967, 0.986022, 0.00274725, 0.0069011], 
              [0.00274725, 0.00363736, 0.561637, 0.431978], 
              [0.00274725, 0.00274725, 0.621967, 0.372538], 
              [0.354044, 0.640363, 0.00284615, 0.00274725], 
              [0.00284615, 0.00294505, 0.990967, 0.00324176], 
              [0.00284615, 0.00274725, 0.991659, 0.00274725], 
              [0.286099, 0.323681, 0.16811, 0.22211]
            ]
          }, {
            "db": 0,
            "id": "Motif_13",
            "alt": "13",
            "len": 9,
            "nsites": 9,
            "pwm": [
              [0.31389, 0.259692, 0.22389, 0.202527], 
              [0.638879, 0.355626, 0.00274725, 0.00274725], 
              [0.836286, 0.00274725, 0.00274725, 0.15822], 
              [0.00274725, 0.00274725, 0.0227253, 0.97178], 
              [0.00274725, 0.00274725, 0.890582, 0.103923], 
              [0.00343956, 0.00274725, 0.991066, 0.00274725], 
              [0.0262834, 0.316826, 0.624773, 0.0321179], 
              [0.28405, 0.709961, 0.00284616, 0.0031429], 
              [0.399637, 0.167319, 0.203516, 0.229527]
            ]
          }, {
            "db": 0,
            "id": "Motif_14",
            "alt": "14",
            "len": 9,
            "nsites": 9,
            "pwm": [
              [0.25774, 0.245376, 0.226187, 0.270697], 
              [0.276209, 0.00274725, 0.150209, 0.570835], 
              [0.00274725, 0.00274725, 0.991758, 0.00274725], 
              [0.00274725, 0.00274725, 0.991758, 0.00274725], 
              [0.00274725, 0.708802, 0.285703, 0.00274725], 
              [0.148033, 0.846473, 0.00274725, 0.00274725], 
              [0.99156, 0.00294505, 0.00274725, 0.00274725], 
              [0.456856, 0.200035, 0.115681, 0.227428], 
              [0.276604, 0.255637, 0.233286, 0.234473]
            ]
          }, {
            "db": 0,
            "id": "Motif_15",
            "alt": "15",
            "len": 9,
            "nsites": 9,
            "pwm": [
              [0.273341, 0.130231, 0.132209, 0.46422], 
              [0.00334066, 0.00274725, 0.00304396, 0.990868], 
              [0.00571429, 0.00274725, 0.00274725, 0.988791], 
              [0.724725, 0.00274725, 0.26978, 0.00274725], 
              [0.269286, 0.00274725, 0.00274725, 0.72522], 
              [0.00274725, 0.00314286, 0.109165, 0.884945], 
              [0.00274725, 0.00304396, 0.00274725, 0.991462], 
              [0.00502198, 0.00314286, 0.00274725, 0.989088], 
              [0.245945, 0.17444, 0.188681, 0.390934]
            ]
          }, {
            "db": 0,
            "id": "Motif_16",
            "alt": "16",
            "len": 9,
            "nsites": 9,
            "pwm": [
              [0.362451, 0.193824, 0.181264, 0.262462], 
              [0.949824, 0.00274725, 0.0446813, 0.00274725], 
              [0.991758, 0.00274725, 0.00274725, 0.00274725], 
              [0.694531, 0.00274725, 0.29859, 0.00413201], 
              [0.00284614, 0.00363727, 0.113308, 0.880209], 
              [0.00284615, 0.00274725, 0.135275, 0.859132], 
              [0.806714, 0.00274725, 0.187692, 0.00284615], 
              [0.29404, 0.00274725, 0.00274725, 0.700465], 
              [0.317549, 0.142396, 0.191945, 0.34811]
            ]
          }, {
            "db": 0,
            "id": "Motif_17",
            "alt": "17",
            "len": 9,
            "nsites": 9,
            "pwm": [
              [0.25314, 0.280928, 0.26916, 0.196772], 
              [0.465459, 0.455076, 0.0227233, 0.0567419], 
              [0.731846, 0.0124396, 0.0336044, 0.22211], 
              [0.00284615, 0.00274725, 0.991363, 0.00304396], 
              [0.278978, 0.00274725, 0.715527, 0.00274725], 
              [0.938253, 0.0506154, 0.00274725, 0.00838462], 
              [0.00274725, 0.594868, 0.00274725, 0.399637], 
              [0.00284616, 0.99156, 0.00274725, 0.00284616], 
              [0.325165, 0.207275, 0.194418, 0.273143]
            ]
          }, {
            "db": 0,
            "id": "Motif_18",
            "alt": "18",
            "len": 9,
            "nsites": 9,
            "pwm": [
              [0.306602, 0.206801, 0.201657, 0.28494], 
              [0.00284614, 0.457152, 0.00452729, 0.535474], 
              [0.62533, 0.368978, 0.00274725, 0.00294505], 
              [0.00284615, 0.00274725, 0.00284615, 0.99156], 
              [0.00284615, 0.0146154, 0.979692, 0.00284615], 
              [0.768264, 0.226044, 0.00284614, 0.00284614], 
              [0.570538, 0.00274725, 0.00274725, 0.423967], 
              [0.434055, 0.00334066, 0.559758, 0.00284615], 
              [0.312672, 0.21922, 0.200134, 0.267973]
            ]
          }, {
            "db": 0,
            "id": "Motif_19",
            "alt": "19",
            "len": 9,
            "nsites": 9,
            "pwm": [
              [0.257912, 0.226462, 0.163264, 0.352363], 
              [0.0171854, 0.00304393, 0.00274725, 0.977023], 
              [0.00274725, 0.991462, 0.00274725, 0.00304396], 
              [0.00274725, 0.00294504, 0.00304393, 0.991264], 
              [0.00274725, 0.382725, 0.611582, 0.00294505], 
              [0.00274725, 0.00294504, 0.47248, 0.521827], 
              [0.00274725, 0.208066, 0.00294505, 0.786242], 
              [0.139923, 0.00373626, 0.405077, 0.451264], 
              [0.207868, 0.256923, 0.264538, 0.27067]
            ]
          }, {
            "db": 0,
            "id": "Motif_2",
            "alt": "2",
            "len": 9,
            "nsites": 9,
            "pwm": [
              [0.350286, 0.196297, 0.183934, 0.269484], 
              [0.991066, 0.00274725, 0.00274725, 0.00343956], 
              [0.99067, 0.00383516, 0.00274725, 0.00274725], 
              [0.99156, 0.00274725, 0.00284615, 0.00284615], 
              [0.363637, 0.00274725, 0.248813, 0.384802], 
              [0.00274725, 0.00274725, 0.00274725, 0.991758], 
              [0.00383527, 0.00274725, 0.00353854, 0.989879], 
              [0.00393407, 0.00284615, 0.00284615, 0.990374], 
              [0.274824, 0.181857, 0.196495, 0.346824]
            ]
          }, {
            "db": 0,
            "id": "Motif_20",
            "alt": "20",
            "len": 9,
            "nsites": 9,
            "pwm": [
              [0.360275, 0.204604, 0.204703, 0.230418], 
              [0.455669, 0.231186, 0.00472508, 0.30842], 
              [0.511593, 0.00274725, 0.00274725, 0.482912], 
              [0.00284615, 0.00274725, 0.00284615, 0.99156], 
              [0.00284616, 0.00937429, 0.984736, 0.00304399], 
              [0.00838462, 0.00937363, 0.979495, 0.00274725], 
              [0.97178, 0.0071978, 0.0182747, 0.00274725], 
              [0.991659, 0.00274725, 0.00274725, 0.00284615], 
              [0.416549, 0.159407, 0.160989, 0.263055]
            ]
          }, {
            "db": 0,
            "id": "Motif_21",
            "alt": "21",
            "len": 9,
            "nsites": 9,
            "pwm": [
              [0.210143, 0.183143, 0.332088, 0.274626], 
              [0.00284615, 0.876538, 0.117868, 0.00274725], 
              [0.016, 0.825407, 0.0707912, 0.0878022], 
              [0.0232198, 0.0864176, 0.887615, 0.00274725], 
              [0.266939, 0.665649, 0.00284616, 0.0645666], 
              [0.00274725, 0.00284615, 0.991659, 0.00274725], 
              [0.0679231, 0.295791, 0.587055, 0.0492308], 
              [0.116879, 0.00343956, 0.511593, 0.368088], 
              [0.236154, 0.261176, 0.273143, 0.229527]
            ]
          }, {
            "db": 0,
            "id": "Motif_22",
            "alt": "22",
            "len": 9,
            "nsites": 9,
            "pwm": [
              [0.271435, 0.196772, 0.180653, 0.351141], 
              [0.00274725, 0.00442857, 0.00274725, 0.990077], 
              [0.00274725, 0.261077, 0.00274725, 0.733429], 
              [0.00274725, 0.0734615, 0.00274725, 0.921044], 
              [0.271066, 0.338022, 0.00294505, 0.387967], 
              [0.00324176, 0.988495, 0.00274725, 0.00551648], 
              [0.152088, 0.409725, 0.00274725, 0.43544], 
              [0.00284615, 0.99156, 0.00274725, 0.00284615], 
              [0.296187, 0.241297, 0.201835, 0.260681]
            ]
          }, {
            "db": 0,
            "id": "Motif_23",
            "alt": "23",
            "len": 9,
            "nsites": 9,
            "pwm": [
              [0.287978, 0.20233, 0.213407, 0.296286], 
              [0.00274725, 0.00274725, 0.00324176, 0.991264], 
              [0.377681, 0.00274725, 0.352956, 0.266615], 
              [0.00274725, 0.00274725, 0.558473, 0.436033], 
              [0.00274725, 0.00413187, 0.990374, 0.00274725], 
              [0.00284614, 0.991264, 0.00314282, 0.00274725], 
              [0.681376, 0.290183, 0.00274725, 0.0256946], 
              [0.432219, 0.0192654, 0.00274725, 0.545769], 
              [0.291835, 0.201637, 0.208462, 0.298066]
            ]
          }, {
            "db": 0,
            "id": "Motif_24",
            "alt": "24",
            "len": 9,
            "nsites": 9,
            "pwm": [
              [0.271066, 0.284516, 0.286593, 0.157824], 
              [0.746187, 0.247626, 0.00284615, 0.00334066], 
              [0.0412198, 0.00284615, 0.953187, 0.00274725], 
              [0.0205495, 0.965451, 0.00294505, 0.0110549], 
              [0.00284615, 0.00284615, 0.99156, 0.00274725], 
              [0.483802, 0.36433, 0.00462637, 0.147242], 
              [0.125496, 0.00274725, 0.868911, 0.00284616], 
              [0.392516, 0.258703, 0.0132308, 0.335549], 
              [0.268962, 0.199936, 0.278555, 0.252546]
            ]
          }, {
            "db": 0,
            "id": "Motif_25",
            "alt": "25",
            "len": 9,
            "nsites": 9,
            "pwm": [
              [0.231901, 0.263846, 0.245945, 0.258308], 
              [0.198077, 0.00274725, 0.311022, 0.488154], 
              [0.00284615, 0.00274725, 0.977319, 0.0170879], 
              [0.00284614, 0.00284614, 0.99156, 0.00274725], 
              [0.558429, 0.43578, 0.00304399, 0.00274725], 
              [0.158798, 0.00284614, 0.363898, 0.474458], 
              [0.00274725, 0.00284615, 0.99156, 0.00284615], 
              [0.128846, 0.865462, 0.00294505, 0.00274725], 
              [0.267802, 0.239418, 0.265824, 0.226956]
            ]
          }, {
            "db": 0,
            "id": "Motif_26",
            "alt": "26",
            "len": 9,
            "nsites": 9,
            "pwm": [
              [0.237242, 0.182352, 0.29678, 0.283626], 
              [0.00274725, 0.43633, 0.241791, 0.319132], 
              [0.00274725, 0.991758, 0.00274725, 0.00274725], 
              [0.369868, 0.00630769, 0.621077, 0.00274725], 
              [0.00274725, 0.0560549, 0.937956, 0.00324176], 
              [0.00274725, 0.907791, 0.00284615, 0.0866154], 
              [0.342012, 0.00284616, 0.652395, 0.00274725], 
              [0.00284614, 0.458636, 0.280632, 0.257887], 
              [0.257689, 0.31109, 0.181641, 0.24958]
            ]
          }, {
            "db": 0,
            "id": "Motif_27",
            "alt": "27",
            "len": 9,
            "nsites": 9,
            "pwm": [
              [0.36611, 0.195407, 0.229923, 0.20856], 
              [0.814824, 0.00294505, 0.0701978, 0.112033], 
              [0.0273736, 0.00274725, 0.165341, 0.804538], 
              [0.00274725, 0.00294505, 0.946956, 0.0473516], 
              [0.00274725, 0.00274725, 0.991758, 0.00274725], 
              [0.0056151, 0.075729, 0.915909, 0.00274725], 
              [0.99156, 0.00274725, 0.00294505, 0.00274725], 
              [0.514857, 0.132407, 0.125286, 0.227451], 
              [0.331593, 0.205, 0.173055, 0.290352]
            ]
          }, {
            "db": 0,
            "id": "Motif_28",
            "alt": "28",
            "len": 9,
            "nsites": 9,
            "pwm": [
              [0.274824, 0.25, 0.232198, 0.242978], 
              [0.45557, 0.362217, 0.179367, 0.00284614], 
              [0.605352, 0.389154, 0.00274725, 0.00274725], 
              [0.00284614, 0.991066, 0.0033406, 0.00274725], 
              [0.592297, 0.00314286, 0.0170879, 0.387473], 
              [0.344253, 0.00274725, 0.00274725, 0.650253], 
              [0.00274725, 0.00274725, 0.00274725, 0.991758], 
              [0.00274725, 0.00274725, 0.991659, 0.00284615], 
              [0.256725, 0.252868, 0.230912, 0.259495]
            ]
          }, {
            "db": 0,
            "id": "Motif_29",
            "alt": "29",
            "len": 9,
            "nsites": 9,
            "pwm": [
              [0.257491, 0.223374, 0.265699, 0.253436], 
              [0.232396, 0.0965055, 0.668154, 0.00294505], 
              [0.524549, 0.180176, 0.0201538, 0.275121], 
              [0.013033, 0.262165, 0.662418, 0.0623846], 
              [0.00492286, 0.989187, 0.00294504, 0.00294504], 
              [0.00274725, 0.00304396, 0.849044, 0.145165], 
              [0.0247033, 0.969308, 0.00304396, 0.00294505], 
              [0.00274725, 0.00304396, 0.854681, 0.139527], 
              [0.28244, 0.222407, 0.232198, 0.262956]
            ]
          }, {
            "db": 0,
            "id": "Motif_3",
            "alt": "3",
            "len": 9,
            "nsites": 9,
            "pwm": [
              [0.343625, 0.235339, 0.206562, 0.214473], 
              [0.991659, 0.00274725, 0.00274725, 0.00284615], 
              [0.00314286, 0.00284615, 0.00274725, 0.991264], 
              [0.217285, 0.776924, 0.00274725, 0.00304399], 
