<!DOCTYPE HTML>
<html>
  <head>
    <meta charset="UTF-8">
    <title>TOMTOM</title>
    <script>
      // @JSON_VAR data
      var data = {
        "program": "Tomtom",
        "version": "5.0.4",
        "release": "Wed Jan 23 14:05:40 2019 -0800",
        "cmd": [
          "tomtom", "-oc", "tomtom_conv1_CisTarget_t1_allr", "-thresh", "0.1",
          "-dist", "allr", "-no-ssc", "./meme_conv1_thres9.txt",
          "/media/ggj/Files/mount/NvWA_Final/0_TFBS/Motif_scenic/out.meme"
        ],
        "options": {
          "strands": "both",
          "distance_measure": "allr",
          "threshold_type": "qvalue",
          "threshold_value": 0.1,
          "background_source": "--query--"
        },
        "alphabet": {
          "name": "DNA",
          "like": "dna",
          "ncore": 4,
          "symbols": [
            {
              "symbol": "A",
              "name": "Adenine",
              "colour": "CC0000",
              "complement": "T"
            }, {
              "symbol": "C",
              "name": "Cytosine",
              "colour": "0000CC",
              "complement": "G"
            }, {
              "symbol": "G",
              "name": "Guanine",
              "colour": "FFB300",
              "complement": "C"
            }, {
              "symbol": "T",
              "aliases": "U",
              "name": "Thymine",
              "colour": "008000",
              "complement": "A"
            }, {
              "symbol": "N",
              "aliases": "X.",
              "name": "Any base",
              "equals": "ACGT"
            }, {
              "symbol": "V",
              "name": "Not T",
              "equals": "ACG"
            }, {
              "symbol": "H",
              "name": "Not G",
              "equals": "ACT"
            }, {
              "symbol": "D",
              "name": "Not C",
              "equals": "AGT"
            }, {
              "symbol": "B",
              "name": "Not A",
              "equals": "CGT"
            }, {
              "symbol": "M",
              "name": "Amino",
              "equals": "AC"
            }, {
              "symbol": "R",
              "name": "Purine",
              "equals": "AG"
            }, {
              "symbol": "W",
              "name": "Weak",
              "equals": "AT"
            }, {
              "symbol": "S",
              "name": "Strong",
              "equals": "CG"
            }, {
              "symbol": "Y",
              "name": "Pyrimidine",
              "equals": "CT"
            }, {
              "symbol": "K",
              "name": "Keto",
              "equals": "GT"
            }
          ]
        },
        "background": [0.25, 0.25, 0.25, 0.25],
        "query_dbs": [
          {
            "source": "./meme_conv1_thres9.txt",
            "name": "meme_conv1_thres9.txt",
            "loaded": 128,
            "excluded": 0,
            "last_modified": "Sat Oct 30 19:40:50 2021"
          }
        ],
        "target_dbs": [
          {
            "source": "/media/ggj/Files/mount/NvWA_Final/0_TFBS/Motif_scenic/out.meme",
            "name": "out",
            "loaded": 9761,
            "excluded": 0,
            "last_modified": "Fri Apr 16 15:43:32 2021"
          }
        ],
        "queries": [
          {
            "db": 0,
            "id": "Motif_0",
            "alt": "0",
            "len": 9,
            "nsites": 9,
            "pwm": [
              [0.543242, 0.144571, 0.134286, 0.177901], 
              [0.932313, 0.00274725, 0.00274725, 0.0621928], 
              [0.825819, 0.0958039, 0.0307335, 0.0476439], 
              [0.709071, 0.00274725, 0.00274725, 0.285435], 
              [0.877429, 0.116978, 0.00274725, 0.00284615], 
              [0.362154, 0.194813, 0.00274725, 0.440286], 
              [0.773879, 0.0422088, 0.00274725, 0.181165], 
              [0.991758, 0.00274725, 0.00274725, 0.00274725], 
              [0.514363, 0.114604, 0.159407, 0.211626]
            ]
          }, {
            "db": 0,
            "id": "Motif_1",
            "alt": "1",
            "len": 9,
            "nsites": 9,
            "pwm": [
              [0.34811, 0.248813, 0.220231, 0.182846], 
              [0.991659, 0.00284615, 0.00274725, 0.00274725], 
              [0.991659, 0.00274725, 0.00284615, 0.00274725], 
              [0.392516, 0.191945, 0.412692, 0.00284615], 
              [0.427824, 0.307066, 0.00284615, 0.262264], 
              [0.990868, 0.00284615, 0.00304396, 0.00324176], 
              [0.00284614, 0.00304393, 0.991363, 0.00274725], 
              [0.0774176, 0.916989, 0.00284615, 0.00274725], 
              [0.370659, 0.230418, 0.0618901, 0.337033]
            ]
          }, {
            "db": 0,
            "id": "Motif_10",
            "alt": "10",
            "len": 9,
            "nsites": 9,
            "pwm": [
              [0.625663, 0.130119, 0.116472, 0.127746], 
              [0.991659, 0.00274725, 0.00284615, 0.00274725], 
              [0.99156, 0.00274725, 0.00274725, 0.00294505], 
              [0.991462, 0.00294505, 0.00284615, 0.00274725], 
              [0.925389, 0.0344977, 0.0373661, 0.00274725], 
              [0.99156, 0.00274725, 0.00294505, 0.00274725], 
              [0.853777, 0.00274725, 0.140629, 0.00284616], 
              [0.693176, 0.162769, 0.00413187, 0.139923], 
              [0.619989, 0.0958132, 0.106396, 0.177802]
            ]
          }, {
            "db": 0,
            "id": "Motif_100",
            "alt": "100",
            "len": 9,
            "nsites": 9,
            "pwm": [
              [0.28494, 0.217483, 0.193942, 0.303634], 
              [0.105901, 0.878615, 0.00838462, 0.0070989], 
              [0.984341, 0.0101648, 0.00274725, 0.00274725], 
              [0.704747, 0.00274725, 0.00887912, 0.283626], 
              [0.00274725, 0.00838462, 0.806912, 0.181956], 
              [0.016592, 0.36192, 0.618642, 0.00284614], 
              [0.972077, 0.0224286, 0.00274725, 0.00274725], 
              [0.976626, 0.00274725, 0.00274725, 0.0178791], 
              [0.336307, 0.143371, 0.231779, 0.288543]
            ]
          }, {
            "db": 0,
            "id": "Motif_101",
            "alt": "101",
            "len": 9,
            "nsites": 9,
            "pwm": [
              [0.208977, 0.268323, 0.19592, 0.32678], 
              [0.00611023, 0.988395, 0.00274725, 0.00274725], 
              [0.0360769, 0.00284615, 0.00274725, 0.95833], 
              [0.463923, 0.00274725, 0.00314286, 0.530187], 
              [0.00274725, 0.156257, 0.297799, 0.543197], 
              [0.00304396, 0.991363, 0.00284615, 0.00274725], 
              [0.403297, 0.00284615, 0.00274725, 0.59111], 
              [0.00274725, 0.541659, 0.452747, 0.00284615], 
              [0.27967, 0.236648, 0.144374, 0.339308]
            ]
          }, {
            "db": 0,
            "id": "Motif_102",
            "alt": "102",
            "len": 9,
            "nsites": 9,
            "pwm": [
              [0.284121, 0.219835, 0.350978, 0.145066], 
              [0.470451, 0.115396, 0.406462, 0.00769231], 
              [0.262659, 0.00274725, 0.731846, 0.00274725], 
              [0.085239, 0.759219, 0.152795, 0.00274725], 
              [0.00304393, 0.00284614, 0.991363, 0.00274725], 
              [0.216275, 0.0534835, 0.727396, 0.00284615], 
              [0.00650549, 0.0208462, 0.969901, 0.00274725], 
              [0.00423062, 0.285279, 0.707446, 0.00304393], 
              [0.258209, 0.25267, 0.263352, 0.225769]
            ]
          }, {
            "db": 0,
            "id": "Motif_103",
            "alt": "103",
            "len": 9,
            "nsites": 9,
            "pwm": [
              [0.218967, 0.108483, 0.131727, 0.540823], 
              [0.00274725, 0.00274725, 0.142791, 0.851714], 
              [0.280659, 0.00284615, 0.00343956, 0.713055], 
              [0.00274725, 0.00274725, 0.00274725, 0.991758], 
              [0.00294505, 0.00274725, 0.00294505, 0.991363], 
              [0.0422088, 0.00284615, 0.0417143, 0.913231], 
              [0.191747, 0.00274725, 0.00274725, 0.802758], 
              [0.00304396, 0.00274725, 0.312901, 0.681308], 
              [0.199857, 0.114703, 0.141308, 0.544132]
            ]
          }, {
            "db": 0,
            "id": "Motif_104",
            "alt": "104",
            "len": 9,
            "nsites": 9,
            "pwm": [
              [0.22411, 0.317284, 0.264861, 0.193744], 
              [0.359286, 0.617022, 0.0209451, 0.00274725], 
              [0.00442857, 0.331099, 0.661725, 0.00274725], 
              [0.00274725, 0.0474505, 0.947055, 0.00274725], 
              [0.00284615, 0.00274725, 0.991659, 0.00274725], 
              [0.784264, 0.149912, 0.0604066, 0.00541758], 
              [0.878022, 0.0414176, 0.0778132, 0.00274725], 
              [0.382626, 0.533154, 0.0562527, 0.027967], 
              [0.285873, 0.255217, 0.21477, 0.244141]
            ]
          }, {
            "db": 0,
            "id": "Motif_105",
            "alt": "105",
            "len": 9,
            "nsites": 9,
            "pwm": [
              [0.386879, 0.0366703, 0.259593, 0.316857], 
              [0.00343956, 0.00373626, 0.989978, 0.00284615], 
              [0.985825, 0.00769181, 0.00294504, 0.00353838], 
              [0.00304396, 0.00284615, 0.00383516, 0.990275], 
              [0.814231, 0.00343956, 0.175132, 0.0071978], 
              [0.533846, 0.454132, 0.00927473, 0.00274725], 
              [0.988989, 0.00551648, 0.00274725, 0.00274725], 
              [0.344154, 0.00343956, 0.381736, 0.27067], 
              [0.336341, 0.155846, 0.240407, 0.267407]
            ]
          }, {
            "db": 0,
            "id": "Motif_106",
            "alt": "106",
            "len": 9,
            "nsites": 9,
            "pwm": [
              [0.273242, 0.22033, 0.192637, 0.313791], 
              [0.00274725, 0.607923, 0.0212418, 0.368088], 
              [0.915901, 0.00284615, 0.0785055, 0.00274725], 
              [0.00284615, 0.972176, 0.0222308, 0.00274725], 
              [0.508824, 0.485681, 0.00274725, 0.00274725], 
              [0.00274725, 0.991363, 0.00274725, 0.00314286], 
              [0.974648, 0.00284615, 0.00274725, 0.0197582], 
              [0.00284615, 0.0145165, 0.97989, 0.00274725], 
              [0.243769, 0.246242, 0.318538, 0.191451]
            ]
          }, {
            "db": 0,
            "id": "Motif_107",
            "alt": "107",
            "len": 9,
            "nsites": 9,
            "pwm": [
              [0.286961, 0.322166, 0.160578, 0.230296], 
              [0.480736, 0.113714, 0.00274725, 0.402802], 
              [0.00284615, 0.709297, 0.169198, 0.118659], 
              [0.355789, 0.285082, 0.356382, 0.00274725], 
              [0.0241099, 0.97, 0.00314286, 0.00274725], 
              [0.991659, 0.00284615, 0.00274725, 0.00274725], 
              [0.963571, 0.00274725, 0.0306374, 0.00304396], 
              [0.971187, 0.0135275, 0.0121429, 0.00314286], 
              [0.297443, 0.15949, 0.313859, 0.229208]
            ]
          }, {
            "db": 0,
            "id": "Motif_108",
            "alt": "108",
            "len": 9,
            "nsites": 9,
            "pwm": [
              [0.416508, 0.0273712, 0.24157, 0.314551], 
              [0.00274725, 0.00284615, 0.991659, 0.00274725], 
              [0.498736, 0.00284615, 0.494484, 0.00393407], 
              [0.95526, 0.0347944, 0.00274725, 0.00719825], 
              [0.963473, 0.031033, 0.00274725, 0.00274725], 
              [0.798901, 0.00838462, 0.186505, 0.00620879], 
              [0.036967, 0.00957143, 0.0408242, 0.912637], 
              [0.972571, 0.00274725, 0.0219341, 0.00274725], 
              [0.353055, 0.178791, 0.209451, 0.258703]
            ]
          }, {
            "db": 0,
            "id": "Motif_109",
            "alt": "109",
            "len": 9,
            "nsites": 9,
            "pwm": [
              [0.210934, 0.273044, 0.228835, 0.287187], 
              [0.265007, 0.500763, 0.216154, 0.0180754], 
              [0.0631758, 0.915505, 0.0185714, 0.00274725], 
              [0.00274725, 0.0229251, 0.508677, 0.465651], 
              [0.0044284, 0.0514017, 0.00294504, 0.941225], 
              [0.007, 0.911253, 0.00274725, 0.079], 
              [0.00274725, 0.752591, 0.182073, 0.0625884], 
              [0.0223297, 0.0463626, 0.0311319, 0.900176], 
              [0.143484, 0.288275, 0.278879, 0.289363]
            ]
          }, {
            "db": 0,
            "id": "Motif_11",
            "alt": "11",
            "len": 9,
            "nsites": 9,
            "pwm": [
              [0.257714, 0.219637, 0.174242, 0.348407], 
              [0.144473, 0.328033, 0.00274725, 0.524747], 
              [0.00274725, 0.00274725, 0.00274725, 0.991758], 
              [0.742132, 0.00432967, 0.00284615, 0.250692], 
              [0.825918, 0.00284614, 0.166313, 0.00492286], 
              [0.991758, 0.00274725, 0.00274725, 0.00274725], 
              [0.014812, 0.136547, 0.845894, 0.00274725], 
              [0.00274725, 0.0897802, 0.368978, 0.538495], 
              [0.297374, 0.201143, 0.218945, 0.282538]
            ]
          }, {
            "db": 0,
            "id": "Motif_110",
            "alt": "110",
            "len": 9,
            "nsites": 9,
            "pwm": [
              [0.140319, 0.394791, 0.203121, 0.261769], 
              [0.00284615, 0.991659, 0.00274725, 0.00274725], 
              [0.344253, 0.238824, 0.00274725, 0.414176], 
              [0.00284614, 0.975046, 0.0067029, 0.0154053], 
              [0.00274725, 0.0145165, 0.965846, 0.0168901], 
              [0.291271, 0.387511, 0.318471, 0.00274725], 
              [0.178675, 0.778549, 0.0033406, 0.0394359], 
              [0.260385, 0.704648, 0.00363736, 0.0313297], 
              [0.195684, 0.272226, 0.180949, 0.351141]
            ]
          }, {
            "db": 0,
            "id": "Motif_111",
            "alt": "111",
            "len": 9,
            "nsites": 9,
            "pwm": [
              [0.364429, 0.225967, 0.214396, 0.195209], 
              [0.983252, 0.0112536, 0.00274725, 0.00274725], 
              [0.85033, 0.138143, 0.00284615, 0.00868132], 
              [0.424066, 0.56767, 0.00541758, 0.00284615], 
              [0.634824, 0.00294505, 0.00274725, 0.359484], 
              [0.00294504, 0.991363, 0.00274725, 0.00294504], 
              [0.982659, 0.0117473, 0.00274725, 0.00284615], 
              [0.52, 0.201637, 0.135275, 0.143088], 
              [0.38678, 0.181363, 0.185516, 0.246341]
            ]
          }, {
            "db": 0,
            "id": "Motif_112",
            "alt": "112",
            "len": 9,
            "nsites": 9,
            "pwm": [
              [0.323946, 0.187179, 0.247404, 0.241471], 
              [0.585275, 0.00284615, 0.409132, 0.00274725], 
              [0.476088, 0.442363, 0.0635714, 0.017978], 
              [0.991462, 0.00294505, 0.00284615, 0.00274725], 
              [0.00284616, 0.991659, 0.00274725, 0.00274725], 
              [0.389648, 0.163066, 0.00284615, 0.44444], 
              [0.00274725, 0.00284616, 0.411744, 0.582662], 
              [0.00274725, 0.991758, 0.00274725, 0.00274725], 
              [0.344055, 0.26078, 0.0645604, 0.330604]
            ]
          }, {
            "db": 0,
            "id": "Motif_113",
            "alt": "113",
            "len": 9,
            "nsites": 9,
            "pwm": [
              [0.251286, 0.214989, 0.268297, 0.265429], 
              [0.00284615, 0.645505, 0.348901, 0.00274725], 
              [0.991462, 0.00284614, 0.00284614, 0.00284614], 
              [0.00284614, 0.00274725, 0.640596, 0.353811], 
              [0.00284614, 0.366074, 0.628234, 0.00284614], 
              [0.965255, 0.00472508, 0.0269756, 0.00304393], 
              [0.00284615, 0.00808791, 0.00284615, 0.98622], 
              [0.00966964, 0.342043, 0.645441, 0.00284614], 
              [0.299915, 0.20053, 0.241174, 0.258381]
            ]
          }, {
            "db": 0,
            "id": "Motif_114",
            "alt": "114",
            "len": 9,
            "nsites": 9,
            "pwm": [
              [0.416549, 0.184429, 0.146253, 0.252769], 
              [0.948341, 0.00284615, 0.00284615, 0.045967], 
              [0.0113516, 0.276209, 0.00432967, 0.70811], 
              [0.584245, 0.246068, 0.161895, 0.00779171], 
              [0.959813, 0.0318242, 0.00284615, 0.00551648], 
              [0.984538, 0.00393407, 0.00274725, 0.00878022], 
              [0.00304396, 0.0143187, 0.00294505, 0.979692], 
              [0.990769, 0.00284615, 0.00334066, 0.00304396], 
              [0.390973, 0.158433, 0.145674, 0.30492]
            ]
          }, {
            "db": 0,
            "id": "Motif_115",
            "alt": "115",
            "len": 9,
            "nsites": 9,
            "pwm": [
              [0.219461, 0.20868, 0.239936, 0.331923], 
              [0.064956, 0.633044, 0.297571, 0.00442857], 
              [0.00274725, 0.922429, 0.0543736, 0.0204505], 
              [0.00274725, 0.00284615, 0.0116484, 0.982758], 
              [0.0255934, 0.00274725, 0.00274725, 0.968912], 
              [0.0771209, 0.91689, 0.00314286, 0.00284615], 
              [0.00274725, 0.278879, 0.262659, 0.455714], 
              [0.00274725, 0.0121429, 0.419022, 0.566088], 
              [0.179466, 0.259864, 0.26026, 0.30041]
            ]
          }, {
            "db": 0,
            "id": "Motif_116",
            "alt": "116",
            "len": 9,
            "nsites": 9,
            "pwm": [
              [0.221319, 0.207077, 0.163363, 0.408242], 
              [0.0111538, 0.619297, 0.0993736, 0.270176], 
              [0.028459, 0.00927407, 0.0163942, 0.945873], 
              [0.114604, 0.879901, 0.00274725, 0.00274725], 
              [0.10956, 0.059022, 0.631758, 0.199659], 
              [0.803648, 0.0275714, 0.0143187, 0.154462], 
              [0.952095, 0.0102645, 0.0094732, 0.0281674], 
              [0.712588, 0.157611, 0.0340958, 0.095705], 
              [0.315899, 0.168324, 0.189194, 0.326582]
            ]
          }, {
            "db": 0,
            "id": "Motif_117",
            "alt": "117",
            "len": 9,
            "nsites": 9,
            "pwm": [
              [0.175824, 0.250692, 0.345242, 0.228242], 
              [0.00274725, 0.966343, 0.00284614, 0.0280634], 
              [0.00274725, 0.00284615, 0.00294505, 0.991462], 
              [0.00482397, 0.00274725, 0.989385, 0.00304393], 
              [0.00294505, 0.00274725, 0.833319, 0.160989], 
              [0.946956, 0.00274725, 0.0474505, 0.00284615], 
              [0.00294505, 0.163363, 0.670527, 0.163165], 
              [0.37511, 0.368286, 0.00551648, 0.251088], 
              [0.249481, 0.224362, 0.282906, 0.243251]
            ]
          }, {
            "db": 0,
            "id": "Motif_118",
            "alt": "118",
            "len": 9,
            "nsites": 9,
            "pwm": [
              [0.286297, 0.173253, 0.192242, 0.348209], 
              [0.0724725, 0.0742527, 0.561637, 0.291637], 
              [0.00413187, 0.56856, 0.400824, 0.0264835], 
              [0.223593, 0.700989, 0.0316264, 0.0437912], 
              [0.00620879, 0.988297, 0.00274725, 0.00274725], 
              [0.991659, 0.00284615, 0.00274725, 0.00274725], 
              [0.0900682, 0.0360736, 0.00274725, 0.871111], 
              [0.00274725, 0.991659, 0.00274725, 0.00284615], 
              [0.319792, 0.253535, 0.055654, 0.371018]
            ]
          }, {
            "db": 0,
            "id": "Motif_119",
            "alt": "119",
            "len": 9,
            "nsites": 9,
            "pwm": [
              [0.322396, 0.229923, 0.221912, 0.225769], 
              [0.402308, 0.592198, 0.00274725, 0.00274725], 
              [0.991659, 0.00274725, 0.00284615, 0.00274725], 
              [0.081967, 0.00274725, 0.912538, 0.00274725], 
              [0.529495, 0.00274725, 0.465011, 0.00274725], 
              [0.543538, 0.102637, 0.00284615, 0.350978], 
              [0.458385, 0.157923, 0.274725, 0.108967], 
              [0.524352, 0.193231, 0.00284615, 0.279571], 
              [0.31567, 0.190956, 0.220824, 0.272549]
            ]
          }, {
            "db": 0,
            "id": "Motif_12",
            "alt": "12",
            "len": 9,
            "nsites": 9,
            "pwm": [
              [0.350879, 0.0659451, 0.273736, 0.30944], 
              [0.00324176, 0.00284615, 0.951308, 0.0426044], 
              [0.00284615, 0.758253, 0.236154, 0.00274725], 
              [0.991659, 0.00274725, 0.00284615, 0.00274725], 
              [0.39222, 0.449088, 0.111538, 0.0471538], 
              [0.991659, 0.00274725, 0.00284615, 0.00274725], 
              [0.0927473, 0.272451, 0.632055, 0.00274725], 
              [0.787606, 0.2069, 0.00274725, 0.00274725], 
              [0.306769, 0.224088, 0.241791, 0.227352]
            ]
          }, {
            "db": 0,
            "id": "Motif_120",
            "alt": "120",
            "len": 9,
            "nsites": 9,
            "pwm": [
              [0.264143, 0.241, 0.255143, 0.239714], 
              [0.00274725, 0.110253, 0.304099, 0.582901], 
              [0.00274725, 0.00274725, 0.991659, 0.00284615], 
              [0.00442857, 0.173352, 0.266912, 0.555308], 
              [0.00274725, 0.00274725, 0.412495, 0.582011], 
              [0.00274725, 0.00274725, 0.991758, 0.00274725], 
              [0.134385, 0.341088, 0.380253, 0.144275], 
              [0.00284615, 0.58656, 0.00274725, 0.407846], 
              [0.231582, 0.268468, 0.213386, 0.286565]
            ]
          }, {
            "db": 0,
            "id": "Motif_121",
            "alt": "121",
            "len": 9,
            "nsites": 9,
            "pwm": [
              [0.415997, 0.0705013, 0.256355, 0.257146], 
              [0.00284614, 0.00274725, 0.990967, 0.00343949], 
              [0.630769, 0.10244, 0.264044, 0.00274725], 
              [0.112418, 0.881989, 0.00274725, 0.00284614], 
              [0.476036, 0.00482438, 0.408777, 0.110362], 
              [0.0374615, 0.0552637, 0.904527, 0.00274725], 
              [0.952692, 0.0381538, 0.00640659, 0.00274725], 
              [0.428418, 0.378077, 0.190758, 0.00274725], 
              [0.303377, 0.195783, 0.238801, 0.26204]
            ]
          }, {
            "db": 0,
            "id": "Motif_122",
            "alt": "122",
            "len": 9,
            "nsites": 9,
            "pwm": [
              [0.316066, 0.054967, 0.37689, 0.252077], 
              [0.00610955, 0.00294504, 0.955564, 0.0353814], 
              [0.201617, 0.513224, 0.175312, 0.109846], 
              [0.650451, 0.0166923, 0.00294505, 0.329912], 
              [0.00294505, 0.00274725, 0.99156, 0.00274725], 
              [0.0349922, 0.00274725, 0.899079, 0.0631819], 
              [0.991462, 0.00274725, 0.00304396, 0.00274725], 
              [0.757758, 0.00274725, 0.236747, 0.00274725], 
              [0.348505, 0.137549, 0.305879, 0.208066]
            ]
          }, {
            "db": 0,
            "id": "Motif_123",
            "alt": "123",
            "len": 9,
            "nsites": 9,
            "pwm": [
              [0.194813, 0.251286, 0.336538, 0.217363], 
              [0.00274725, 0.619593, 0.374813, 0.00284615], 
              [0.00274725, 0.00541758, 0.00551648, 0.986319], 
              [0.00274725, 0.00274725, 0.991659, 0.00284616], 
              [0.392615, 0.0986813, 0.501308, 0.0073956], 
              [0.00274725, 0.00274725, 0.991758, 0.00274725], 
              [0.00274725, 0.32022, 0.437319, 0.239714], 
              [0.00274725, 0.0221319, 0.542352, 0.432769], 
              [0.217242, 0.265501, 0.306541, 0.210715]
            ]
          }, {
            "db": 0,
            "id": "Motif_124",
            "alt": "124",
            "len": 9,
            "nsites": 9,
            "pwm": [
              [0.251582, 0.160297, 0.147835, 0.440286], 
              [0.00294505, 0.00274725, 0.109462, 0.884846], 
              [0.00284615, 0.00274725, 0.00274725, 0.991659], 
              [0.941022, 0.00274725, 0.00492308, 0.0513077], 
              [0.189194, 0.00274725, 0.102054, 0.706004], 
              [0.0255934, 0.00274725, 0.632352, 0.339308], 
              [0.22456, 0.00274725, 0.111528, 0.661165], 
              [0.018967, 0.142198, 0.00640659, 0.832429], 
              [0.249233, 0.169412, 0.170599, 0.410755]
            ]
          }, {
            "db": 0,
            "id": "Motif_125",
            "alt": "125",
            "len": 9,
            "nsites": 9,
            "pwm": [
              [0.23044, 0.300766, 0.208977, 0.259817], 
              [0.525835, 0.00403297, 0.458582, 0.0115495], 
              [0.00284614, 0.00274725, 0.571174, 0.423233], 
              [0.00294505, 0.00274725, 0.991462, 0.00284615], 
              [0.00274725, 0.75002, 0.244387, 0.00284616], 
              [0.99156, 0.00284615, 0.00284615, 0.00274725], 
              [0.00294505, 0.99156, 0.00274725, 0.00274725], 
              [0.456011, 0.538495, 0.00274725, 0.00274725], 
              [0.257714, 0.263549, 0.203022, 0.275714]
            ]
          }, {
            "db": 0,
            "id": "Motif_126",
            "alt": "126",
            "len": 9,
            "nsites": 9,
            "pwm": [
              [0.400824, 0.192736, 0.158022, 0.248418], 
              [0.979001, 0.0130319, 0.00353838, 0.0044284], 
              [0.556989, 0.191549, 0.00274725, 0.248714], 
              [0.580387, 0.392753, 0.00274725, 0.024112], 
              [0.991659, 0.00284615, 0.00274725, 0.00274725], 
              [0.62256, 0.118659, 0.00274725, 0.256033], 
              [0.991659, 0.00274725, 0.00274725, 0.00284615], 
              [0.00868132, 0.0145165, 0.00274725, 0.974055], 
              [0.320022, 0.152187, 0.212813, 0.314978]
            ]
          }, {
            "db": 0,
            "id": "Motif_127",
            "alt": "127",
            "len": 9,
            "nsites": 9,
            "pwm": [
              [0.296681, 0.281549, 0.18522, 0.236549], 
              [0.619396, 0.28956, 0.00274725, 0.0882967], 
              [0.366604, 0.627901, 0.00274725, 0.00274725], 
              [0.845385, 0.149022, 0.00274725, 0.00284615], 
              [0.0170879, 0.00274725, 0.00274725, 0.977418], 
              [0.00274725, 0.0865165, 0.309538, 0.601198], 
              [0.250025, 0.709961, 0.00274725, 0.0372672], 
              [0.00274725, 0.991659, 0.00274725, 0.00284615], 
              [0.323978, 0.269187, 0.0465604, 0.360275]
            ]
          }, {
            "db": 0,
            "id": "Motif_13",
            "alt": "13",
            "len": 9,
            "nsites": 9,
            "pwm": [
              [0.195604, 0.21756, 0.332582, 0.254253], 
              [0.0596154, 0.118659, 0.776154, 0.0455714], 
              [0.565791, 0.327044, 0.0687143, 0.0384505], 
              [0.11044, 0.021141, 0.673823, 0.194596], 
              [0.0213407, 0.763495, 0.0842418, 0.130923], 
              [0.00403297, 0.951209, 0.0232198, 0.0215385], 
              [0.00274725, 0.990868, 0.00363736, 0.00274725], 
              [0.00274725, 0.00502198, 0.989484, 0.00274725], 
              [0.196099, 0.261077, 0.407549, 0.135275]
            ]
          }, {
            "db": 0,
            "id": "Motif_14",
            "alt": "14",
            "len": 9,
            "nsites": 9,
            "pwm": [
              [0.161171, 0.247009, 0.352229, 0.239592], 
              [0.36611, 0.26533, 0.0583297, 0.310231], 
              [0.00274725, 0.00413187, 0.990374, 0.00274725], 
              [0.00274725, 0.00274725, 0.991758, 0.00274725], 
              [0.0800879, 0.231901, 0.492505, 0.195505], 
              [0.799376, 0.169214, 0.0232218, 0.00818736], 
              [0.00274725, 0.00729716, 0.987109, 0.00284616], 
              [0.00373626, 0.0201538, 0.964363, 0.0117473], 
              [0.276577, 0.325034, 0.243053, 0.155336]
            ]
          }, {
            "db": 0,
            "id": "Motif_15",
            "alt": "15",
            "len": 9,
            "nsites": 9,
            "pwm": [
              [0.242187, 0.141703, 0.296187, 0.319923], 
              [0.00274725, 0.00274725, 0.991758, 0.00274725], 
              [0.00274725, 0.00482418, 0.989582, 0.00284615], 
              [0.00274725, 0.00413201, 0.531328, 0.461793], 
              [0.442264, 0.250791, 0.203418, 0.103527], 
              [0.0271758, 0.101945, 0.868132, 0.00274725], 
              [0.00274725, 0.136363, 0.858044, 0.00284615], 
              [0.00274725, 0.646064, 0.331725, 0.0194632], 
              [0.246736, 0.245747, 0.258802, 0.248714]
            ]
          }, {
            "db": 0,
            "id": "Motif_16",
            "alt": "16",
            "len": 9,
            "nsites": 9,
            "pwm": [
              [0.320584, 0.178477, 0.203595, 0.297344], 
              [0.404623, 0.00274725, 0.329846, 0.262784], 
              [0.617851, 0.179367, 0.0127353, 0.190047], 
              [0.0705934, 0.733824, 0.192835, 0.00274725], 
              [0.00274725, 0.743121, 0.251385, 0.00274725], 
              [0.00274725, 0.00294504, 0.243251, 0.751057], 
              [0.276434, 0.00274725, 0.00274725, 0.718072], 
              [0.991659, 0.00274725, 0.00274725, 0.00284615], 
              [0.318538, 0.174835, 0.241297, 0.26533]
            ]
          }, {
            "db": 0,
            "id": "Motif_17",
            "alt": "17",
            "len": 9,
            "nsites": 9,
            "pwm": [
              [0.270077, 0.230615, 0.261473, 0.237835], 
              [0.231604, 0.536022, 0.229033, 0.00334066], 
              [0.151495, 0.123209, 0.722549, 0.00274725], 
              [0.0106601, 0.00274725, 0.974152, 0.0124405], 
              [0.84222, 0.00274725, 0.128055, 0.026978], 
              [0.97811, 0.0161978, 0.00294505, 0.00274725], 
              [0.0182747, 0.00274725, 0.976231, 0.00274725], 
              [0.0596154, 0.0256923, 0.602978, 0.311714], 
              [0.265824, 0.257319, 0.274231, 0.202626]
            ]
          }, {
            "db": 0,
            "id": "Motif_18",
            "alt": "18",
            "len": 9,
            "nsites": 9,
            "pwm": [
              [0.31465, 0.191234, 0.24869, 0.245426], 
              [0.00383527, 0.00502221, 0.695124, 0.296018], 
              [0.00294504, 0.00274725, 0.919073, 0.0752345], 
              [0.00334066, 0.991165, 0.00274725, 0.00274725], 
              [0.00274725, 0.00452747, 0.989978, 0.00274725], 
              [0.00274725, 0.139725, 0.350187, 0.507341], 
              [0.0261845, 0.138525, 0.661066, 0.174225], 
              [0.420703, 0.0967033, 0.0123407, 0.470253], 
              [0.167714, 0.192143, 0.420703, 0.21944]
            ]
          }, {
            "db": 0,
            "id": "Motif_19",
            "alt": "19",
            "len": 9,
            "nsites": 9,
            "pwm": [
              [0.349658, 0.22723, 0.197563, 0.225549], 
              [0.99156, 0.00284614, 0.00284614, 0.00274725], 
              [0.554868, 0.22777, 0.182666, 0.0346955], 
              [0.00274725, 0.00274725, 0.00284615, 0.991659], 
              [0.00838462, 0.954868, 0.0338022, 0.00294505], 
              [0.388956, 0.00284615, 0.00274725, 0.605451], 
              [0.0168901, 0.0306374, 0.104714, 0.847758], 
              [0.266642, 0.0162981, 0.124705, 0.592356], 
              [0.251113, 0.211153, 0.221736, 0.315998]
            ]
          }, {
            "db": 0,
            "id": "Motif_2",
            "alt": "2",
            "len": 9,
            "nsites": 9,
            "pwm": [
              [0.299055, 0.314582, 0.182451, 0.203912], 
              [0.850429, 0.00284615, 0.00274725, 0.143978], 
              [0.14142, 0.592257, 0.00274725, 0.263576], 
              [0.00274725, 0.991758, 0.00274725, 0.00274725], 
              [0.0272747, 0.967033, 0.00274725, 0.00294505], 
              [0.28056, 0.177604, 0.00274725, 0.539088], 
              [0.56921, 0.424702, 0.00274725, 0.00334072], 
              [0.00274725, 0.0427033, 0.48222, 0.47233], 
              [0.212891, 0.279939, 0.25314, 0.25403]
            ]
          }, {
            "db": 0,
            "id": "Motif_20",
            "alt": "20",
            "len": 9,
            "nsites": 9,
            "pwm": [
              [0.239714, 0.29678, 0.314088, 0.149418], 
              [0.594374, 0.234473, 0.103626, 0.0675275], 
              [0.00571429, 0.105703, 0.879011, 0.00957143], 
              [0.00917647, 0.968811, 0.0192654, 0.00274725], 
              [0.00274725, 0.134582, 0.859923, 0.00274725], 
              [0.00274725, 0.0431978, 0.909077, 0.044978], 
              [0.590971, 0.148839, 0.137365, 0.122825], 
              [0.453098, 0.105396, 0.127054, 0.314452], 
              [0.224011, 0.265356, 0.33311, 0.177523]
            ]
          }, {
            "db": 0,
            "id": "Motif_21",
            "alt": "21",
            "len": 9,
            "nsites": 9,
            "pwm": [
              [0.275346, 0.167335, 0.249135, 0.308184], 
              [0.00274725, 0.00284614, 0.383775, 0.610632], 
              [0.00274725, 0.326715, 0.204386, 0.466151], 
              [0.00274725, 0.00274725, 0.169, 0.825505], 
              [0.00274725, 0.00274725, 0.0361758, 0.95833], 
              [0.00462637, 0.00274725, 0.98978, 0.00284615], 
              [0.00274725, 0.00274725, 0.991758, 0.00274725], 
              [0.438945, 0.00274725, 0.335978, 0.22233], 
              [0.290451, 0.16722, 0.304692, 0.237637]
            ]
          }, {
            "db": 0,
            "id": "Motif_22",
            "alt": "22",
            "len": 9,
            "nsites": 9,
            "pwm": [
              [0.246242, 0.263846, 0.263648, 0.226264], 
              [0.0218352, 0.00284615, 0.0810769, 0.894242], 
              [0.00274725, 0.021044, 0.973165, 0.00304396], 
              [0.905228, 0.0889804, 0.00304393, 0.00274725], 
              [0.0251956, 0.00284614, 0.00274725, 0.969211], 
              [0.140431, 0.566837, 0.285732, 0.00700043], 
              [0.276802, 0.506253, 0.113912, 0.103033], 
              [0.121231, 0.86833, 0.00274725, 0.00769231], 
              [0.347813, 0.247626, 0.107879, 0.296681]
            ]
          }, {
            "db": 0,
            "id": "Motif_23",
            "alt": "23",
            "len": 9,
            "nsites": 9,
            "pwm": [
              [0.315899, 0.213131, 0.257542, 0.213428], 
              [0.659549, 0.334857, 0.00284615, 0.00274725], 
              [0.991659, 0.00284615, 0.00274725, 0.00274725], 
              [0.00284616, 0.693937, 0.251014, 0.0522027], 
              [0.00274725, 0.00284615, 0.00294505, 0.991462], 
              [0.00284615, 0.655099, 0.339209, 0.00284615], 
              [0.941116, 0.00284616, 0.00284616, 0.0531919], 
              [0.00284616, 0.180787, 0.813521, 0.00284616], 
              [0.283824, 0.214396, 0.240802, 0.260978]
            ]
          }, {
            "db": 0,
            "id": "Motif_24",
            "alt": "24",
            "len": 9,
            "nsites": 9,
            "pwm": [
              [0.24278, 0.24278, 0.199363, 0.315077], 
              [0.0128352, 0.450868, 0.170088, 0.366209], 
              [0.00393407, 0.990571, 0.00274725, 0.00274725], 
              [0.889692, 0.0225275, 0.0664396, 0.0213407], 
              [0.990868, 0.00314286, 0.00304396, 0.00294505], 
              [0.00294505, 0.99156, 0.00274725, 0.00274725], 
              [0.333077, 0.607527, 0.0566484, 0.00274725], 
              [0.611324, 0.00284614, 0.00284614, 0.382984], 
              [0.246934, 0.280659, 0.268198, 0.204209]
            ]
          }, {
            "db": 0,
            "id": "Motif_25",
            "alt": "25",
            "len": 9,
            "nsites": 9,
            "pwm": [
              [0.272352, 0.160198, 0.173055, 0.394396], 
              [0.466692, 0.00274725, 0.261769, 0.268791], 
              [0.00284615, 0.00274725, 0.0521978, 0.942209], 
              [0.00274725, 0.00274725, 0.00274725, 0.991758], 
              [0.00274725, 0.0907692, 0.145363, 0.761121], 
              [0.111824, 0.138129, 0.101836, 0.64821], 
              [0.00274725, 0.00274725, 0.00284615, 0.991659], 
              [0.130936, 0.00274725, 0.690179, 0.176138], 
              [0.261795, 0.157147, 0.215406, 0.365652]
            ]
          }, {
            "db": 0,
            "id": "Motif_26",
            "alt": "26",
            "len": 9,
            "nsites": 9,
            "pwm": [
              [0.175033, 0.28778, 0.360176, 0.177011], 
              [0.00531868, 0.447802, 0.468374, 0.0785055], 
              [0.0282637, 0.209055, 0.355527, 0.407154], 
              [0.00363736, 0.668451, 0.312011, 0.0159011], 
              [0.00274725, 0.36433, 0.246736, 0.386187], 
              [0.00274725, 0.99156, 0.00294505, 0.00274725], 
              [0.00274725, 0.0402308, 0.954275, 0.00274725], 
              [0.00274725, 0.00274725, 0.991758, 0.00274725], 
              [0.15456, 0.339011, 0.367989, 0.13844]
            ]
          }, {
            "db": 0,
            "id": "Motif_27",
            "alt": "27",
            "len": 9,
            "nsites": 9,
            "pwm": [
              [0.228736, 0.301429, 0.255736, 0.214099], 
              [0.00284616, 0.991659, 0.00274725, 0.00274725], 
              [0.981769, 0.0126374, 0.00284615, 0.00274725], 
              [0.143286, 0.0966044, 0.757363, 0.00274725], 
              [0.00343949, 0.0104608, 0.983352, 0.00274725], 
              [0.286989, 0.00274725, 0.707516, 0.00274725], 
              [0.189571, 0.00274725, 0.383319, 0.424363], 
              [0.00274725, 0.293516, 0.583, 0.120736], 
              [0.26256, 0.256033, 0.231209, 0.250198]
            ]
          }, {
            "db": 0,
            "id": "Motif_28",
            "alt": "28",
            "len": 9,
            "nsites": 9,
            "pwm": [
              [0.29322, 0.125681, 0.233582, 0.347516], 
              [0.00274725, 0.00274725, 0.991758, 0.00274725], 
              [0.00274725, 0.00284614, 0.87833, 0.116077], 
              [0.00274725, 0.0828571, 0.132209, 0.782187], 
              [0.00274725, 0.00274725, 0.991758, 0.00274725], 
              [0.00274725, 0.215604, 0.778803, 0.00284616], 
              [0.0736593, 0.402011, 0.521484, 0.00284615], 
              [0.267037, 0.477619, 0.00274725, 0.252596], 
              [0.249209, 0.243769, 0.307857, 0.199165]
            ]
          }, {
            "db": 0,
            "id": "Motif_29",
            "alt": "29",
            "len": 9,
            "nsites": 9,
            "pwm": [
              [0.236724, 0.319694, 0.219912, 0.22367], 
              [0.00284615, 0.991659, 0.00274725, 0.00274725], 
              [0.840044, 0.00274725, 0.00274725, 0.154462], 
              [0.0159011, 0.00996703, 0.907593, 0.0665385], 
              [0.00284615, 0.591901, 0.402505, 0.00274725], 
              [0.606143, 0.219934, 0.0702967, 0.103626], 
              [0.0775165, 0.374121, 0.545516, 0.00284615], 
              [0.00274725, 0.00274725, 0.00284615, 0.991659], 
              [0.129637, 0.195011, 0.354242, 0.32111]
            ]
          }, {
            "db": 0,
            "id": "Motif_3",
            "alt": "3",
            "len": 9,
            "nsites": 9,
            "pwm": [
              [0.341582, 0.203615, 0.24644, 0.208363], 
              [0.862593, 0.131813, 0.00284615, 0.00274725], 
              [0.988396, 0.00274725, 0.00274725, 0.00610989], 
              [0.839732, 0.00274725, 0.154773, 0.00274725], 
              [0.00274725, 0.00274725, 0.233385, 0.761121], 
