<!DOCTYPE HTML>
<html>
  <head>
    <meta charset="UTF-8">
    <title>TOMTOM</title>
    <script>
      // @JSON_VAR data
      var data = {
        "program": "Tomtom",
        "version": "5.0.4",
        "release": "Wed Jan 23 14:05:40 2019 -0800",
        "cmd": [
          "tomtom", "-oc", "tomtom_conv1_CisTarget_t1_allr", "-thresh", "0.1",
          "-dist", "allr", "-no-ssc", "./meme_conv1_thres9.txt",
          "/media/ggj/Files/mount/NvWA_Final/0_TFBS/Motif_scenic/out.meme"
        ],
        "options": {
          "strands": "both",
          "distance_measure": "allr",
          "threshold_type": "qvalue",
          "threshold_value": 0.1,
          "background_source": "--query--"
        },
        "alphabet": {
          "name": "DNA",
          "like": "dna",
          "ncore": 4,
          "symbols": [
            {
              "symbol": "A",
              "name": "Adenine",
              "colour": "CC0000",
              "complement": "T"
            }, {
              "symbol": "C",
              "name": "Cytosine",
              "colour": "0000CC",
              "complement": "G"
            }, {
              "symbol": "G",
              "name": "Guanine",
              "colour": "FFB300",
              "complement": "C"
            }, {
              "symbol": "T",
              "aliases": "U",
              "name": "Thymine",
              "colour": "008000",
              "complement": "A"
            }, {
              "symbol": "N",
              "aliases": "X.",
              "name": "Any base",
              "equals": "ACGT"
            }, {
              "symbol": "V",
              "name": "Not T",
              "equals": "ACG"
            }, {
              "symbol": "H",
              "name": "Not G",
              "equals": "ACT"
            }, {
              "symbol": "D",
              "name": "Not C",
              "equals": "AGT"
            }, {
              "symbol": "B",
              "name": "Not A",
              "equals": "CGT"
            }, {
              "symbol": "M",
              "name": "Amino",
              "equals": "AC"
            }, {
              "symbol": "R",
              "name": "Purine",
              "equals": "AG"
            }, {
              "symbol": "W",
              "name": "Weak",
              "equals": "AT"
            }, {
              "symbol": "S",
              "name": "Strong",
              "equals": "CG"
            }, {
              "symbol": "Y",
              "name": "Pyrimidine",
              "equals": "CT"
            }, {
              "symbol": "K",
              "name": "Keto",
              "equals": "GT"
            }
          ]
        },
        "background": [0.25, 0.25, 0.25, 0.25],
        "query_dbs": [
          {
            "source": "./meme_conv1_thres9.txt",
            "name": "meme_conv1_thres9.txt",
            "loaded": 128,
            "excluded": 0,
            "last_modified": "Sat Oct 30 19:21:09 2021"
          }
        ],
        "target_dbs": [
          {
            "source": "/media/ggj/Files/mount/NvWA_Final/0_TFBS/Motif_scenic/out.meme",
            "name": "out",
            "loaded": 9761,
            "excluded": 0,
            "last_modified": "Fri Apr 16 15:43:32 2021"
          }
        ],
        "queries": [
          {
            "db": 0,
            "id": "Motif_0",
            "alt": "0",
            "len": 9,
            "nsites": 9,
            "pwm": [
              [0.24911, 0.328527, 0.196791, 0.225571], 
              [0.769033, 0.106692, 0.0364725, 0.0878022], 
              [0.0296484, 0.23833, 0.208758, 0.523264], 
              [0.00284615, 0.889396, 0.00274725, 0.105011], 
              [0.826099, 0.168407, 0.00274725, 0.00274725], 
              [0.00304396, 0.172066, 0.00274725, 0.822143], 
              [0.0894835, 0.88, 0.00274725, 0.0277692], 
              [0.99156, 0.00294505, 0.00274725, 0.00274725], 
              [0.244684, 0.234595, 0.27139, 0.249332]
            ]
          }, {
            "db": 0,
            "id": "Motif_1",
            "alt": "1",
            "len": 9,
            "nsites": 9,
            "pwm": [
              [0.279176, 0.190659, 0.303505, 0.226659], 
              [0.00294505, 0.585571, 0.384802, 0.0266813], 
              [0.00274725, 0.612374, 0.349297, 0.0355824], 
              [0.00274725, 0.0070989, 0.481132, 0.509022], 
              [0.869628, 0.116373, 0.0108563, 0.00314282], 
              [0.00492329, 0.00274725, 0.986813, 0.00551676], 
              [0.299352, 0.0827582, 0.610396, 0.00749451], 
              [0.00274725, 0.00274725, 0.99156, 0.00294505], 
              [0.299352, 0.233286, 0.281451, 0.185912]
            ]
          }, {
            "db": 0,
            "id": "Motif_10",
            "alt": "10",
            "len": 9,
            "nsites": 9,
            "pwm": [
              [0.246761, 0.251508, 0.215505, 0.286226], 
              [0.00274725, 0.43243, 0.295564, 0.269259], 
              [0.00274725, 0.991659, 0.00284615, 0.00274725], 
              [0.00274725, 0.991165, 0.00334066, 0.00274725], 
              [0.139824, 0.854681, 0.00274725, 0.00274725], 
              [0.783967, 0.00274725, 0.209352, 0.00393407], 
              [0.00284615, 0.703857, 0.290549, 0.00274725], 
              [0.670132, 0.323286, 0.00383516, 0.00274725], 
              [0.231232, 0.315405, 0.244288, 0.209076]
            ]
          }, {
            "db": 0,
            "id": "Motif_100",
            "alt": "100",
            "len": 9,
            "nsites": 9,
            "pwm": [
              [0.219341, 0.302418, 0.243967, 0.234275], 
              [0.543583, 0.449142, 0.00452729, 0.00274725], 
              [0.00284615, 0.991659, 0.00274725, 0.00274725], 
              [0.76567, 0.00274725, 0.00284615, 0.228736], 
              [0.00274725, 0.00274725, 0.991758, 0.00274725], 
              [0.155154, 0.593978, 0.00640659, 0.244462], 
              [0.00462637, 0.0704945, 0.00343956, 0.92144], 
              [0.715698, 0.00274725, 0.278808, 0.00274725], 
              [0.245352, 0.248516, 0.248813, 0.257319]
            ]
          }, {
            "db": 0,
            "id": "Motif_101",
            "alt": "101",
            "len": 9,
            "nsites": 9,
            "pwm": [
              [0.318242, 0.27967, 0.165736, 0.236352], 
              [0.49933, 0.0790989, 0.0162967, 0.405275], 
              [0.194912, 0.799593, 0.00274725, 0.00274725], 
              [0.982857, 0.00274725, 0.0116484, 0.00274725], 
              [0.834901, 0.00274725, 0.159604, 0.00274725], 
              [0.865758, 0.0108571, 0.00274725, 0.120637], 
              [0.00284615, 0.991659, 0.00274725, 0.00274725], 
              [0.295396, 0.0203516, 0.048044, 0.636209], 
              [0.278187, 0.253264, 0.227549, 0.241]
            ]
          }, {
            "db": 0,
            "id": "Motif_102",
            "alt": "102",
            "len": 9,
            "nsites": 9,
            "pwm": [
              [0.233978, 0.339209, 0.208857, 0.217956], 
              [0.691959, 0.197107, 0.00274725, 0.108186], 
              [0.235165, 0.758549, 0.00274725, 0.00353846], 
              [0.0384541, 0.956051, 0.00274725, 0.00274725], 
              [0.0119451, 0.294011, 0.170187, 0.523857], 
              [0.00274725, 0.991758, 0.00274725, 0.00274725], 
              [0.192044, 0.802363, 0.00274725, 0.00284615], 
              [0.0298489, 0.00324181, 0.0695122, 0.897397], 
              [0.161796, 0.302744, 0.284644, 0.250816]
            ]
          }, {
            "db": 0,
            "id": "Motif_103",
            "alt": "103",
            "len": 9,
            "nsites": 9,
            "pwm": [
              [0.297374, 0.194319, 0.200451, 0.307857], 
              [0.33278, 0.559363, 0.105011, 0.00284615], 
              [0.703066, 0.00274725, 0.0355824, 0.258604], 
              [0.00284615, 0.00274725, 0.00551648, 0.98889], 
              [0.457495, 0.00274725, 0.0591209, 0.480637], 
              [0.0433956, 0.00274725, 0.00274725, 0.95111], 
              [0.00274725, 0.00274725, 0.00274725, 0.991758], 
              [0.00432967, 0.190165, 0.462835, 0.34267], 
              [0.273341, 0.189868, 0.170582, 0.366209]
            ]
          }, {
            "db": 0,
            "id": "Motif_104",
            "alt": "104",
            "len": 9,
            "nsites": 9,
            "pwm": [
              [0.434352, 0.193132, 0.214297, 0.15822], 
              [0.901354, 0.00274725, 0.00274725, 0.0931519], 
              [0.874747, 0.00274725, 0.119561, 0.00294507], 
              [0.322198, 0.00274725, 0.672308, 0.00274725], 
              [0.782681, 0.00274725, 0.211824, 0.00274725], 
              [0.991462, 0.00274725, 0.00274725, 0.00304396], 
              [0.989879, 0.00274725, 0.00413187, 0.00324176], 
              [0.0541758, 0.611978, 0.310429, 0.0234176], 
              [0.455867, 0.208342, 0.120032, 0.215759]
            ]
          }, {
            "db": 0,
            "id": "Motif_105",
            "alt": "105",
            "len": 9,
            "nsites": 9,
            "pwm": [
              [0.244264, 0.276604, 0.195505, 0.283626], 
              [0.00274725, 0.00274725, 0.00284616, 0.991659], 
              [0.373429, 0.0830549, 0.230615, 0.312901], 
              [0.00274725, 0.00274725, 0.00274725, 0.991758], 
              [0.871099, 0.123407, 0.00274725, 0.00274725], 
              [0.476832, 0.0117464, 0.444593, 0.0668288], 
              [0.00274725, 0.00274725, 0.302813, 0.691692], 
              [0.00274725, 0.169495, 0.821549, 0.00620879], 
              [0.290154, 0.21133, 0.20411, 0.294407]
            ]
          }, {
            "db": 0,
            "id": "Motif_106",
            "alt": "106",
            "len": 9,
            "nsites": 9,
            "pwm": [
              [0.267433, 0.163972, 0.217483, 0.351112], 
              [0.11044, 0.264315, 0.44934, 0.175906], 
              [0.00294504, 0.00541732, 0.196673, 0.794965], 
              [0.318538, 0.0312308, 0.17622, 0.474011], 
              [0.00274725, 0.959912, 0.00274725, 0.0345934], 
              [0.00274725, 0.00284615, 0.0068022, 0.987604], 
              [0.172363, 0.00274725, 0.00274725, 0.822143], 
              [0.609802, 0.00274725, 0.00274725, 0.384703], 
              [0.250099, 0.22656, 0.248912, 0.274429]
            ]
          }, {
            "db": 0,
            "id": "Motif_107",
            "alt": "107",
            "len": 9,
            "nsites": 9,
            "pwm": [
              [0.247948, 0.209372, 0.179106, 0.363575], 
              [0.990571, 0.00274725, 0.00383516, 0.00284615], 
              [0.00294505, 0.00274725, 0.00274725, 0.99156], 
              [0.579975, 0.00274725, 0.414332, 0.00294504], 
              [0.00284615, 0.00274725, 0.373033, 0.621374], 
              [0.621571, 0.00274725, 0.372835, 0.00284615], 
              [0.452549, 0.00314286, 0.00274725, 0.54156], 
              [0.990769, 0.00274725, 0.00363745, 0.00284616], 
              [0.243991, 0.165654, 0.209867, 0.380488]
            ]
          }, {
            "db": 0,
            "id": "Motif_108",
            "alt": "108",
            "len": 9,
            "nsites": 9,
            "pwm": [
              [0.138637, 0.591901, 0.116978, 0.152484], 
              [0.988, 0.00294504, 0.00284614, 0.00620845], 
              [0.00304396, 0.73956, 0.254549, 0.00284615], 
              [0.99156, 0.00294507, 0.00274725, 0.00274725], 
              [0.0107582, 0.771901, 0.00274725, 0.214593], 
              [0.991462, 0.00294505, 0.00274725, 0.00284615], 
              [0.00304396, 0.765473, 0.00878022, 0.222703], 
              [0.777835, 0.216571, 0.00274725, 0.00284615], 
              [0.165127, 0.529442, 0.102034, 0.203398]
            ]
          }, {
            "db": 0,
            "id": "Motif_109",
            "alt": "109",
            "len": 9,
            "nsites": 9,
            "pwm": [
              [0.270499, 0.239936, 0.219857, 0.269708], 
              [0.00274725, 0.991066, 0.00343963, 0.00274725], 
              [0.372538, 0.621967, 0.00274725, 0.00274725], 
              [0.691426, 0.11489, 0.00274725, 0.190937], 
              [0.00284614, 0.00274725, 0.255315, 0.739091], 
              [0.00274725, 0.00274725, 0.991659, 0.00284615], 
              [0.227846, 0.00274725, 0.00284615, 0.76656], 
              [0.302319, 0.262264, 0.432571, 0.00284615], 
              [0.275714, 0.216275, 0.22478, 0.283231]
            ]
          }, {
            "db": 0,
            "id": "Motif_11",
            "alt": "11",
            "len": 9,
            "nsites": 9,
            "pwm": [
              [0.213407, 0.277297, 0.311912, 0.197385], 
              [0.0106593, 0.830352, 0.154363, 0.00462637], 
              [0.00334066, 0.0476484, 0.677747, 0.271264], 
              [0.49295, 0.026387, 0.417184, 0.0634786], 
              [0.173253, 0.665582, 0.153077, 0.00808791], 
              [0.00274725, 0.960901, 0.0336044, 0.00274725], 
              [0.00334066, 0.372538, 0.621374, 0.00274725], 
              [0.228219, 0.0127353, 0.756298, 0.00274725], 
              [0.209154, 0.275022, 0.348703, 0.167121]
            ]
          }, {
            "db": 0,
            "id": "Motif_110",
            "alt": "110",
            "len": 9,
            "nsites": 9,
            "pwm": [
              [0.164039, 0.150095, 0.223275, 0.462591], 
              [0.00462637, 0.00274725, 0.426736, 0.56589], 
              [0.00274725, 0.00274725, 0.0344945, 0.960011], 
              [0.00284615, 0.00274725, 0.99156, 0.00284615], 
              [0.00274725, 0.0731648, 0.40033, 0.523758], 
              [0.00274725, 0.00314286, 0.558473, 0.435637], 
              [0.00274725, 0.00373616, 0.466745, 0.526772], 
              [0.00274725, 0.00274725, 0.474604, 0.519901], 
              [0.156143, 0.17078, 0.260978, 0.412099]
            ]
          }, {
            "db": 0,
            "id": "Motif_111",
            "alt": "111",
            "len": 9,
            "nsites": 9,
            "pwm": [
              [0.230813, 0.248022, 0.258407, 0.262758], 
              [0.0833597, 0.690179, 0.219263, 0.00719825], 
              [0.187396, 0.00274725, 0.00284615, 0.807011], 
              [0.00274725, 0.00274725, 0.991758, 0.00274725], 
              [0.25952, 0.00274725, 0.716984, 0.0207491], 
              [0.00274725, 0.166231, 0.749945, 0.0810769], 
              [0.00274725, 0.991758, 0.00274725, 0.00274725], 
              [0.944083, 0.0203534, 0.00274725, 0.0328162], 
              [0.200352, 0.227055, 0.340198, 0.232396]
            ]
          }, {
            "db": 0,
            "id": "Motif_112",
            "alt": "112",
            "len": 9,
            "nsites": 9,
            "pwm": [
              [0.244462, 0.228341, 0.22389, 0.303308], 
              [0.13933, 0.00521978, 0.0825604, 0.77289], 
              [0.00274725, 0.00274725, 0.00274725, 0.991758], 
              [0.00274725, 0.00274725, 0.00284615, 0.991659], 
              [0.331099, 0.00551648, 0.183637, 0.479747], 
              [0.689418, 0.0641648, 0.0941319, 0.152286], 
              [0.00274725, 0.00274725, 0.805509, 0.188997], 
              [0.00373616, 0.00284614, 0.852124, 0.141294], 
              [0.274824, 0.188484, 0.234769, 0.301923]
            ]
          }, {
            "db": 0,
            "id": "Motif_113",
            "alt": "113",
            "len": 9,
            "nsites": 9,
            "pwm": [
              [0.279967, 0.250692, 0.194022, 0.275319], 
              [0.0484396, 0.00274725, 0.0641648, 0.884648], 
              [0.00284615, 0.202033, 0.722352, 0.0727692], 
              [0.938648, 0.0308352, 0.0277692, 0.00274725], 
              [0.929945, 0.00274725, 0.0561538, 0.0111538], 
              [0.943203, 0.00274725, 0.0512039, 0.00284614], 
              [0.0208462, 0.0452747, 0.721363, 0.212516], 
              [0.991264, 0.00274725, 0.00274725, 0.00324176], 
              [0.345736, 0.176121, 0.259692, 0.218451]
            ]
          }, {
            "db": 0,
            "id": "Motif_114",
            "alt": "114",
            "len": 9,
            "nsites": 9,
            "pwm": [
              [0.32289, 0.263846, 0.175824, 0.23744], 
              [0.00294505, 0.00314286, 0.00274725, 0.991165], 
              [0.72156, 0.272549, 0.00304396, 0.00284615], 
              [0.0521929, 0.885351, 0.00274725, 0.0597086], 
              [0.988593, 0.00591209, 0.00274725, 0.00274725], 
              [0.00284614, 0.444198, 0.0279645, 0.524992], 
              [0.0543685, 0.492852, 0.275193, 0.177587], 
              [0.00274725, 0.949132, 0.00304396, 0.0450769], 
              [0.401081, 0.236823, 0.0676199, 0.294476]
            ]
          }, {
            "db": 0,
            "id": "Motif_115",
            "alt": "115",
            "len": 9,
            "nsites": 9,
            "pwm": [
              [0.38516, 0.215166, 0.202211, 0.197464], 
              [0.250297, 0.477769, 0.0276703, 0.244264], 
              [0.507242, 0.00284615, 0.00274725, 0.487165], 
              [0.00284614, 0.99156, 0.00274725, 0.00284614], 
              [0.705341, 0.00284615, 0.00274725, 0.289066], 
              [0.00284615, 0.647484, 0.346725, 0.00294505], 
              [0.991659, 0.00284615, 0.00274725, 0.00274725], 
              [0.00284614, 0.471294, 0.441132, 0.0847281], 
              [0.455615, 0.184033, 0.149516, 0.210835]
            ]
          }, {
            "db": 0,
            "id": "Motif_116",
            "alt": "116",
            "len": 9,
            "nsites": 9,
            "pwm": [
              [0.253462, 0.247132, 0.195802, 0.303604], 
              [0.0237143, 0.562231, 0.151791, 0.262264], 
              [0.00294507, 0.938643, 0.00492329, 0.0534886], 
              [0.852209, 0.0337033, 0.0177802, 0.0963077], 
              [0.991758, 0.00274725, 0.00274725, 0.00274725], 
              [0.935676, 0.0186719, 0.0428062, 0.00284616], 
              [0.233187, 0.00274725, 0.00294505, 0.761121], 
              [0.00343956, 0.00274725, 0.933901, 0.0599121], 
              [0.266787, 0.252744, 0.217539, 0.26293]
            ]
          }, {
            "db": 0,
            "id": "Motif_117",
            "alt": "117",
            "len": 9,
            "nsites": 9,
            "pwm": [
              [0.365948, 0.114022, 0.18326, 0.33677], 
              [0.447505, 0.112231, 0.437418, 0.00284615], 
              [0.363341, 0.00383516, 0.00274725, 0.630077], 
              [0.691297, 0.00610989, 0.00274725, 0.299846], 
              [0.557582, 0.00274725, 0.00274725, 0.436923], 
              [0.991659, 0.00274725, 0.00274725, 0.00284615], 
              [0.463475, 0.00274725, 0.00274725, 0.531031], 
              [0.871408, 0.0926394, 0.00324171, 0.0327113], 
              [0.371846, 0.154462, 0.168308, 0.305385]
            ]
          }, {
            "db": 0,
            "id": "Motif_118",
            "alt": "118",
            "len": 9,
            "nsites": 9,
            "pwm": [
              [0.300074, 0.211153, 0.194239, 0.294535], 
              [0.00314286, 0.989681, 0.00432967, 0.00284615], 
              [0.376037, 0.191667, 0.00274725, 0.429548], 
              [0.306275, 0.00274725, 0.00294505, 0.688033], 
              [0.00274725, 0.00274725, 0.277989, 0.716516], 
              [0.00274725, 0.0457692, 0.68111, 0.270374], 
              [0.00343956, 0.00274725, 0.00274725, 0.991066], 
              [0.99156, 0.00274725, 0.00274725, 0.00294505], 
              [0.28333, 0.177209, 0.269286, 0.270176]
            ]
          }, {
            "db": 0,
            "id": "Motif_119",
            "alt": "119",
            "len": 9,
            "nsites": 9,
            "pwm": [
              [0.168308, 0.368385, 0.246341, 0.216967], 
              [0.00274725, 0.269088, 0.0151099, 0.713055], 
              [0.00274725, 0.231308, 0.749846, 0.0160989], 
              [0.00274725, 0.00274725, 0.991758, 0.00274725], 
              [0.0267802, 0.0833516, 0.88633, 0.00353846], 
              [0.00284614, 0.0247011, 0.958135, 0.0143175], 
              [0.296879, 0.29322, 0.168209, 0.241692], 
              [0.00274725, 0.991659, 0.00274725, 0.00284615], 
              [0.28956, 0.276802, 0.133989, 0.299648]
            ]
          }, {
            "db": 0,
            "id": "Motif_12",
            "alt": "12",
            "len": 9,
            "nsites": 9,
            "pwm": [
              [0.253586, 0.250519, 0.220154, 0.275742], 
              [0.00274725, 0.00274725, 0.00284615, 0.991659], 
              [0.691722, 0.00274725, 0.302684, 0.00284614], 
              [0.00294505, 0.273637, 0.72067, 0.00274725], 
              [0.00274725, 0.477967, 0.0069011, 0.512385], 
              [0.0309369, 0.0501256, 0.00274725, 0.91619], 
              [0.0418132, 0.00274725, 0.239813, 0.715626], 
              [0.966044, 0.00274725, 0.0284615, 0.00274725], 
              [0.257146, 0.199679, 0.27406, 0.269115]
            ]
          }, {
            "db": 0,
            "id": "Motif_120",
            "alt": "120",
            "len": 9,
            "nsites": 9,
            "pwm": [
              [0.266985, 0.229109, 0.250668, 0.253239], 
              [0.697626, 0.0147143, 0.249901, 0.0377582], 
              [0.0340989, 0.705637, 0.257516, 0.00274725], 
              [0.99156, 0.00294505, 0.00274725, 0.00274725], 
              [0.00274725, 0.956454, 0.0378536, 0.00294504], 
              [0.203418, 0.00274725, 0.00521978, 0.788615], 
              [0.0194615, 0.166626, 0.810967, 0.00294505], 
              [0.00274725, 0.00413187, 0.00304396, 0.990077], 
              [0.224407, 0.220055, 0.329945, 0.225594]
            ]
          }, {
            "db": 0,
            "id": "Motif_121",
            "alt": "121",
            "len": 9,
            "nsites": 9,
            "pwm": [
              [0.423967, 0.174934, 0.187593, 0.213505], 
              [0.663901, 0.00274725, 0.00274725, 0.330604], 
              [0.809582, 0.184824, 0.00284615, 0.00274725], 
              [0.50378, 0.00274725, 0.247132, 0.246341], 
              [0.991659, 0.00274725, 0.00284615, 0.00274725], 
              [0.635912, 0.00274725, 0.358593, 0.00274725], 
              [0.834703, 0.00274725, 0.159802, 0.00274725], 
              [0.580486, 0.00274725, 0.219263, 0.197503], 
              [0.441077, 0.15456, 0.212022, 0.192341]
            ]
          }, {
            "db": 0,
            "id": "Motif_122",
            "alt": "122",
            "len": 9,
            "nsites": 9,
            "pwm": [
              [0.291538, 0.260286, 0.255637, 0.192538], 
              [0.410912, 0.568857, 0.00403297, 0.0161978], 
              [0.135275, 0.294901, 0.334659, 0.235165], 
              [0.99156, 0.00294505, 0.00274725, 0.00274725], 
              [0.177505, 0.808198, 0.00274725, 0.0115495], 
              [0.154081, 0.83627, 0.00274725, 0.00690151], 
              [0.918967, 0.00294505, 0.0345934, 0.0434945], 
              [0.00294505, 0.99156, 0.00274725, 0.00274725], 
              [0.376297, 0.275813, 0.0903736, 0.257516]
            ]
          }, {
            "db": 0,
            "id": "Motif_123",
            "alt": "123",
            "len": 9,
            "nsites": 9,
            "pwm": [
              [0.307659, 0.250396, 0.180967, 0.260978], 
              [0.00274725, 0.991758, 0.00274725, 0.00274725], 
              [0.53291, 0.461595, 0.00274725, 0.00274725], 
              [0.889593, 0.00274725, 0.00274725, 0.104912], 
              [0.815697, 0.00274725, 0.00274725, 0.178809], 
              [0.578195, 0.305849, 0.00284614, 0.11311], 
              [0.103231, 0.891275, 0.00274725, 0.00274725], 
              [0.406659, 0.153176, 0.00274725, 0.437418], 
              [0.307363, 0.236648, 0.219341, 0.236648]
            ]
          }, {
            "db": 0,
            "id": "Motif_124",
            "alt": "124",
            "len": 9,
            "nsites": 9,
            "pwm": [
              [0.170978, 0.485978, 0.149121, 0.193923], 
              [0.00897802, 0.985033, 0.00274725, 0.00324176], 
              [0.00274725, 0.991758, 0.00274725, 0.00274725], 
              [0.00284615, 0.836286, 0.158121, 0.00274725], 
              [0.549428, 0.308382, 0.119462, 0.0227273], 
              [0.0987802, 0.88722, 0.00274725, 0.0112527], 
              [0.136758, 0.846374, 0.00502198, 0.0118462], 
              [0.124593, 0.868132, 0.00452747, 0.00274725], 
              [0.237143, 0.467681, 0.103923, 0.191253]
            ]
          }, {
            "db": 0,
            "id": "Motif_125",
            "alt": "125",
            "len": 9,
            "nsites": 9,
            "pwm": [
              [0.302813, 0.138934, 0.313, 0.245253], 
              [0.359385, 0.00423077, 0.633637, 0.00274725], 
              [0.00294505, 0.735505, 0.258802, 0.00274725], 
              [0.99156, 0.00294507, 0.00274725, 0.00274725], 
              [0.299253, 0.253462, 0.444538, 0.00274725], 
              [0.99156, 0.00274725, 0.00294505, 0.00274725], 
              [0.00294505, 0.00274725, 0.703758, 0.290549], 
              [0.00274725, 0.00274725, 0.991659, 0.00284615], 
              [0.279995, 0.257938, 0.268323, 0.193744]
            ]
          }, {
            "db": 0,
            "id": "Motif_126",
            "alt": "126",
            "len": 9,
            "nsites": 9,
            "pwm": [
              [0.321375, 0.0503139, 0.259667, 0.368645], 
              [0.00274725, 0.00284614, 0.99156, 0.00284614], 
              [0.00284615, 0.578154, 0.0128352, 0.406165], 
              [0.991066, 0.00274725, 0.00274725, 0.00343956], 
              [0.00284615, 0.00502198, 0.374912, 0.61722], 
              [0.00986742, 0.00284614, 0.0183721, 0.968914], 
              [0.00274725, 0.550165, 0.444143, 0.00294505], 
              [0.296385, 0.043, 0.00274725, 0.657868], 
              [0.20678, 0.226165, 0.29678, 0.270275]
            ]
          }, {
            "db": 0,
            "id": "Motif_127",
            "alt": "127",
            "len": 9,
            "nsites": 9,
            "pwm": [
              [0.32035, 0.247354, 0.206801, 0.225495], 
              [0.00284615, 0.991659, 0.00274725, 0.00274725], 
              [0.942901, 0.0110549, 0.0221319, 0.0239121], 
              [0.158928, 0.56288, 0.10601, 0.172182], 
              [0.338946, 0.00274725, 0.655461, 0.00284616], 
              [0.381934, 0.317154, 0.298165, 0.00274725], 
              [0.491121, 0.0188681, 0.487264, 0.00274725], 
              [0.892363, 0.0207473, 0.0841429, 0.00274725], 
              [0.32035, 0.203042, 0.28771, 0.188898]
            ]
          }, {
            "db": 0,
            "id": "Motif_13",
            "alt": "13",
            "len": 9,
            "nsites": 9,
            "pwm": [
              [0.23044, 0.273071, 0.242409, 0.25408], 
              [0.00274725, 0.511297, 0.471637, 0.0143187], 
              [0.561495, 0.125397, 0.31036, 0.00274725], 
              [0.00274725, 0.00304396, 0.991462, 0.00274725], 
              [0.00423062, 0.00314282, 0.988594, 0.00403284], 
              [0.0131319, 0.539582, 0.0292527, 0.418033], 
              [0.00274725, 0.991758, 0.00274725, 0.00274725], 
              [0.00314286, 0.727198, 0.266912, 0.00274725], 
              [0.244363, 0.290846, 0.173747, 0.291044]
            ]
          }, {
            "db": 0,
            "id": "Motif_14",
            "alt": "14",
            "len": 9,
            "nsites": 9,
            "pwm": [
              [0.23744, 0.168011, 0.205, 0.389549], 
              [0.0943388, 0.00274725, 0.169808, 0.733106], 
              [0.00274725, 0.00274725, 0.0832527, 0.911253], 
              [0.422978, 0.0473516, 0.00976923, 0.519901], 
              [0.00274725, 0.00274725, 0.0329121, 0.961593], 
              [0.00343956, 0.00274725, 0.00314286, 0.99067], 
              [0.592989, 0.00274725, 0.0073956, 0.396868], 
              [0.00284615, 0.00274725, 0.897011, 0.0973956], 
              [0.273044, 0.157429, 0.222011, 0.347516]
            ]
          }, {
            "db": 0,
            "id": "Motif_15",
            "alt": "15",
            "len": 9,
            "nsites": 9,
            "pwm": [
              [0.216395, 0.255564, 0.196118, 0.331923], 
              [0.00274725, 0.991758, 0.00274725, 0.00274725], 
              [0.00274725, 0.00334066, 0.197681, 0.796231], 
              [0.23257, 0.369436, 0.00274725, 0.395246], 
              [0.00274725, 0.508527, 0.00274725, 0.485978], 
              [0.408341, 0.586165, 0.00274725, 0.00274725], 
              [0.00294505, 0.110055, 0.00274725, 0.884253], 
              [0.951604, 0.00274725, 0.00274725, 0.0429011], 
              [0.235735, 0.208441, 0.270742, 0.285082]
            ]
          }, {
            "db": 0,
            "id": "Motif_16",
            "alt": "16",
            "len": 9,
            "nsites": 9,
            "pwm": [
              [0.295762, 0.19697, 0.26916, 0.238108], 
              [0.470747, 0.00274725, 0.359286, 0.16722], 
              [0.219538, 0.00274725, 0.773582, 0.00413187], 
              [0.00274725, 0.175033, 0.517033, 0.305187], 
              [0.163758, 0.830648, 0.00274725, 0.00284615], 
              [0.00284615, 0.0255934, 0.00274725, 0.968813], 
              [0.00284614, 0.99156, 0.00274725, 0.00284614], 
              [0.989583, 0.00284614, 0.00284614, 0.00472508], 
              [0.219044, 0.224088, 0.370264, 0.186604]
            ]
          }, {
            "db": 0,
            "id": "Motif_17",
            "alt": "17",
            "len": 9,
            "nsites": 9,
            "pwm": [
              [0.192934, 0.382527, 0.228736, 0.195802], 
              [0.418429, 0.575879, 0.00284615, 0.00284615], 
              [0.00284614, 0.00284614, 0.759166, 0.235142], 
              [0.0293516, 0.439, 0.00343956, 0.528209], 
              [0.00324176, 0.776945, 0.17167, 0.0481429], 
              [0.00274725, 0.96911, 0.0253956, 0.00274725], 
              [0.00274725, 0.98167, 0.0127363, 0.00284615], 
              [0.00274725, 0.0579341, 0.071978, 0.867341], 
              [0.15189, 0.302418, 0.310231, 0.235462]
            ]
          }, {
            "db": 0,
            "id": "Motif_18",
            "alt": "18",
            "len": 9,
            "nsites": 9,
            "pwm": [
              [0.249505, 0.309835, 0.222802, 0.217857], 
              [0.632154, 0.00601099, 0.00284615, 0.358989], 
              [0.00284615, 0.991659, 0.00274725, 0.00274725], 
              [0.708604, 0.285901, 0.00274725, 0.00274725], 
              [0.470846, 0.523659, 0.00274725, 0.00274725], 
              [0.930143, 0.00274725, 0.0642637, 0.00284615], 
              [0.022033, 0.0495275, 0.666769, 0.26167], 
              [0.00284614, 0.135459, 0.855387, 0.00630734], 
              [0.286989, 0.255538, 0.215187, 0.242286]
            ]
          }, {
            "db": 0,
            "id": "Motif_19",
            "alt": "19",
            "len": 9,
            "nsites": 9,
            "pwm": [
              [0.209747, 0.190758, 0.172659, 0.426835], 
              [0.126769, 0.00353846, 0.210934, 0.658758], 
              [0.00640659, 0.00284615, 0.55956, 0.431187], 
              [0.00274725, 0.377088, 0.617319, 0.00284615], 
              [0.00274725, 0.302546, 0.00274725, 0.691959], 
              [0.00274725, 0.00274725, 0.00274725, 0.991758], 
              [0.00284615, 0.00274725, 0.00274725, 0.991659], 
              [0.036967, 0.00274725, 0.00284615, 0.95744], 
              [0.188978, 0.212022, 0.259198, 0.339802]
            ]
          }, {
            "db": 0,
            "id": "Motif_2",
            "alt": "2",
            "len": 9,
            "nsites": 9,
            "pwm": [
              [0.466844, 0.0592141, 0.304365, 0.169577], 
              [0.256033, 0.00274725, 0.736692, 0.00452747], 
              [0.981275, 0.00274725, 0.0132308, 0.00274725], 
              [0.980681, 0.00274725, 0.0138242, 0.00274725], 
              [0.795736, 0.00284615, 0.19867, 0.00274725], 
              [0.181857, 0.00274725, 0.810473, 0.00492308], 
              [0.988692, 0.00274725, 0.00472527, 0.00383516], 
              [0.843703, 0.00284615, 0.150703, 0.00274725], 
              [0.484495, 0.120242, 0.265527, 0.129736]
            ]
          }, {
            "db": 0,
            "id": "Motif_20",
            "alt": "20",
            "len": 9,
            "nsites": 9,
            "pwm": [
              [0.276802, 0.289659, 0.215385, 0.218154], 
              [0.521978, 0.234571, 0.00274725, 0.240703], 
              [0.633538, 0.359978, 0.00363736, 0.00284615], 
              [0.00274725, 0.00284614, 0.400488, 0.593919], 
              [0.00887912, 0.235758, 0.752615, 0.00274725], 
              [0.905121, 0.00996703, 0.00274725, 0.0821648], 
              [0.400864, 0.593642, 0.00274725, 0.00274725], 
              [0.00284616, 0.901057, 0.00274725, 0.0933497], 
              [0.319527, 0.25089, 0.0852308, 0.344352]
            ]
          }, {
            "db": 0,
            "id": "Motif_21",
            "alt": "21",
            "len": 9,
            "nsites": 9,
            "pwm": [
              [0.260062, 0.209133, 0.267182, 0.263622], 
              [0.00274725, 0.00284615, 0.991659, 0.00274725], 
              [0.10511, 0.459473, 0.308352, 0.127066], 
              [0.00274725, 0.593187, 0.401319, 0.00274725], 
              [0.0066044, 0.186703, 0.803747, 0.00294505], 
              [0.00284615, 0.525044, 0.469363, 0.00274725], 
              [0.00274725, 0.893441, 0.100273, 0.00353854], 
              [0.00482418, 0.617813, 0.109758, 0.267604], 
              [0.21667, 0.293022, 0.250297, 0.240011]
            ]
          }, {
            "db": 0,
            "id": "Motif_22",
            "alt": "22",
            "len": 9,
            "nsites": 9,
            "pwm": [
              [0.232593, 0.275319, 0.233187, 0.258901], 
              [0.209253, 0.785154, 0.00284615, 0.00274725], 
              [0.233582, 0.760725, 0.00274725, 0.00294505], 
              [0.160214, 0.00294507, 0.00274725, 0.834094], 
              [0.00274725, 0.00274725, 0.99156, 0.00294507], 
              [0.00274725, 0.00274725, 0.00304396, 0.991462], 
              [0.521879, 0.00274725, 0.415165, 0.0602088], 
              [0.00284615, 0.00274725, 0.246736, 0.74767], 
              [0.21311, 0.242088, 0.301527, 0.243275]
            ]
          }, {
            "db": 0,
            "id": "Motif_23",
            "alt": "23",
            "len": 9,
            "nsites": 9,
            "pwm": [
              [0.190264, 0.251187, 0.191747, 0.366802], 
              [0.0891868, 0.00274725, 0.00284615, 0.90522], 
              [0.00274725, 0.00274725, 0.991659, 0.00284615], 
              [0.231209, 0.0798901, 0.373923, 0.314978], 
              [0.148132, 0.0323187, 0.00284615, 0.816703], 
              [0.00274725, 0.00274725, 0.492802, 0.501703], 
              [0.00274725, 0.00274725, 0.00284615, 0.991659], 
              [0.00274725, 0.00274725, 0.328824, 0.665681], 
              [0.200272, 0.193942, 0.249431, 0.356354]
            ]
          }, {
            "db": 0,
            "id": "Motif_24",
            "alt": "24",
            "len": 9,
            "nsites": 9,
            "pwm": [
              [0.310231, 0.0882967, 0.323286, 0.278187], 
              [0.00284615, 0.00957143, 0.984736, 0.00284615], 
              [0.00274725, 0.991363, 0.00294504, 0.00294504], 
              [0.907297, 0.00284615, 0.00274725, 0.0871099], 
              [0.00284615, 0.00274725, 0.991659, 0.00274725], 
              [0.274725, 0.135967, 0.540473, 0.0488352], 
              [0.215681, 0.0388462, 0.550066, 0.195407], 
              [0.00274725, 0.991462, 0.00294504, 0.00284614], 
              [0.317846, 0.274527, 0.094033, 0.313593]
            ]
          }, {
            "db": 0,
            "id": "Motif_25",
            "alt": "25",
            "len": 9,
            "nsites": 9,
            "pwm": [
              [0.212022, 0.260088, 0.280659, 0.247231], 
              [0.00274725, 0.573604, 0.39489, 0.0287582], 
              [0.00274725, 0.815319, 0.00383516, 0.178099], 
              [0.00581288, 0.0961994, 0.821468, 0.0765201], 
              [0.491121, 0.135571, 0.145363, 0.227945], 
              [0.213484, 0.0590164, 0.724752, 0.00274725], 
              [0.00274725, 0.978802, 0.0157033, 0.00274725], 
              [0.00284615, 0.521978, 0.448791, 0.0263846], 
              [0.228736, 0.328824, 0.174341, 0.268099]
            ]
          }, {
            "db": 0,
            "id": "Motif_26",
            "alt": "26",
            "len": 9,
            "nsites": 9,
            "pwm": [
              [0.301458, 0.237562, 0.234891, 0.226088], 
              [0.331495, 0.663011, 0.00274725, 0.00274725], 
              [0.781276, 0.00620914, 0.00284616, 0.209669], 
              [0.00284615, 0.230615, 0.763791, 0.00274725], 
              [0.991462, 0.00274725, 0.00304396, 0.00274725], 
              [0.989385, 0.00274725, 0.00502198, 0.00284615], 
              [0.15367, 0.0203516, 0.420802, 0.405176], 
              [0.00284615, 0.00274725, 0.991659, 0.00274725], 
              [0.316727, 0.214968, 0.247602, 0.220703]
            ]
          }, {
            "db": 0,
            "id": "Motif_27",
            "alt": "27",
            "len": 9,
            "nsites": 9,
            "pwm": [
              [0.254549, 0.265527, 0.303209, 0.176714], 
              [0.872088, 0.0907692, 0.0343956, 0.00274725], 
              [0.218648, 0.218055, 0.371549, 0.191747], 
              [0.0853214, 0.909085, 0.00274725, 0.00284614], 
              [0.0253979, 0.00284616, 0.301557, 0.670199], 
              [0.00284615, 0.991363, 0.00304396, 0.00274725], 
              [0.991659, 0.00284615, 0.00274725, 0.00274725], 
              [0.00284615, 0.381538, 0.459473, 0.156143], 
              [0.302516, 0.225571, 0.205495, 0.266418]
            ]
          }, {
            "db": 0,
            "id": "Motif_28",
            "alt": "28",
            "len": 9,
            "nsites": 9,
            "pwm": [
              [0.190659, 0.287385, 0.275319, 0.246637], 
              [0.00274725, 0.984143, 0.00274725, 0.0103626], 
              [0.290451, 0.00284615, 0.223297, 0.483407], 
              [0.0221299, 0.0178776, 0.946268, 0.0137242], 
              [0.00274725, 0.0252967, 0.967824, 0.00413187], 
              [0.00630769, 0.00363736, 0.00363736, 0.986418], 
              [0.00284615, 0.00294505, 0.936571, 0.0576374], 
              [0.00274725, 0.186604, 0.484297, 0.326352], 
              [0.216967, 0.234077, 0.290154, 0.258802]
            ]
          }, {
            "db": 0,
            "id": "Motif_29",
            "alt": "29",
            "len": 9,
            "nsites": 9,
            "pwm": [
              [0.192538, 0.320516, 0.320022, 0.166923], 
              [0.00304396, 0.936176, 0.0392418, 0.0215385], 
              [0.00274725, 0.269978, 0.712066, 0.0152088], 
              [0.00284615, 0.678538, 0.129242, 0.189374], 
              [0.214989, 0.643231, 0.086022, 0.0557582], 
              [0.00304396, 0.920154, 0.0392418, 0.0375604], 
              [0.00274725, 0.226363, 0.766066, 0.00482418], 
              [0.00334066, 0.722846, 0.270473, 0.00334066], 
              [0.228044, 0.375901, 0.205396, 0.190659]
            ]
          }, {
            "db": 0,
            "id": "Motif_3",
            "alt": "3",
            "len": 9,
            "nsites": 9,
            "pwm": [
              [0.265824, 0.254154, 0.256132, 0.22389], 
              [0.666473, 0.263154, 0.00274725, 0.0676264], 
              [0.185319, 0.190462, 0.00274725, 0.621473], 
              [0.00759341, 0.0657473, 0.391626, 0.535033], 
              [0.00274725, 0.991758, 0.00274725, 0.00274725], 
