<!DOCTYPE HTML>
<html>
  <head>
    <meta charset="UTF-8">
    <title>TOMTOM</title>
    <script>
      // @JSON_VAR data
      var data = {
        "program": "Tomtom",
        "version": "5.0.4",
        "release": "Wed Jan 23 14:05:40 2019 -0800",
        "cmd": [
          "tomtom", "-oc", "tomtom_conv1_cisbp_t1_allr", "-thresh", "0.1",
          "-dist", "allr", "-no-ssc", "./meme_conv1_thres9.txt",
          "/media/ggj/Files/mount/NvWA_Final/0_TFBS/CisBP/Schmidtea_mediterranea_2021_06_13_2/Schmidtea_mediterranea_Cisbp.meme"
        ],
        "options": {
          "strands": "both",
          "distance_measure": "allr",
          "threshold_type": "qvalue",
          "threshold_value": 0.1,
          "background_source": "--query--"
        },
        "alphabet": {
          "name": "DNA",
          "like": "dna",
          "ncore": 4,
          "symbols": [
            {
              "symbol": "A",
              "name": "Adenine",
              "colour": "CC0000",
              "complement": "T"
            }, {
              "symbol": "C",
              "name": "Cytosine",
              "colour": "0000CC",
              "complement": "G"
            }, {
              "symbol": "G",
              "name": "Guanine",
              "colour": "FFB300",
              "complement": "C"
            }, {
              "symbol": "T",
              "aliases": "U",
              "name": "Thymine",
              "colour": "008000",
              "complement": "A"
            }, {
              "symbol": "N",
              "aliases": "X.",
              "name": "Any base",
              "equals": "ACGT"
            }, {
              "symbol": "V",
              "name": "Not T",
              "equals": "ACG"
            }, {
              "symbol": "H",
              "name": "Not G",
              "equals": "ACT"
            }, {
              "symbol": "D",
              "name": "Not C",
              "equals": "AGT"
            }, {
              "symbol": "B",
              "name": "Not A",
              "equals": "CGT"
            }, {
              "symbol": "M",
              "name": "Amino",
              "equals": "AC"
            }, {
              "symbol": "R",
              "name": "Purine",
              "equals": "AG"
            }, {
              "symbol": "W",
              "name": "Weak",
              "equals": "AT"
            }, {
              "symbol": "S",
              "name": "Strong",
              "equals": "CG"
            }, {
              "symbol": "Y",
              "name": "Pyrimidine",
              "equals": "CT"
            }, {
              "symbol": "K",
              "name": "Keto",
              "equals": "GT"
            }
          ]
        },
        "background": [0.25, 0.25, 0.25, 0.25],
        "query_dbs": [
          {
            "source": "./meme_conv1_thres9.txt",
            "name": "meme_conv1_thres9.txt",
            "loaded": 128,
            "excluded": 0,
            "last_modified": "Sat Oct 30 20:58:49 2021"
          }
        ],
        "target_dbs": [
          {
            "source": "/media/ggj/Files/mount/NvWA_Final/0_TFBS/CisBP/Schmidtea_mediterranea_2021_06_13_2/Schmidtea_mediterranea_Cisbp.meme",
            "name": "Schmidtea_mediterranea_Cisbp",
            "loaded": 3345,
            "excluded": 0,
            "last_modified": "Sun Jun 13 14:54:40 2021"
          }
        ],
        "queries": [
          {
            "db": 0,
            "id": "Motif_0",
            "alt": "0",
            "len": 9,
            "nsites": 9,
            "pwm": [
              [0.310626, 0.152484, 0.144077, 0.392813], 
              [0.0164945, 0.231604, 0.00363736, 0.748264], 
              [0.00274725, 0.174917, 0.0218333, 0.800503], 
              [0.00274725, 0.547198, 0.110648, 0.339407], 
              [0.728978, 0.0073956, 0.0438901, 0.219736], 
              [0.00274725, 0.137154, 0.19778, 0.662319], 
              [0.00274725, 0.970789, 0.00502221, 0.0214414], 
              [0.00274725, 0.00294505, 0.99156, 0.00274725], 
              [0.378571, 0.147242, 0.193231, 0.280956]
            ]
          }, {
            "db": 0,
            "id": "Motif_1",
            "alt": "1",
            "len": 9,
            "nsites": 9,
            "pwm": [
              [0.371611, 0.158006, 0.132295, 0.338087], 
              [0.597143, 0.243473, 0.00274725, 0.156637], 
              [0.990769, 0.00274725, 0.00274725, 0.00373626], 
              [0.00284614, 0.146337, 0.00274725, 0.848069], 
              [0.00274725, 0.00274725, 0.00274725, 0.991758], 
              [0.00274725, 0.00274725, 0.00274725, 0.991758], 
              [0.539727, 0.45468, 0.00274725, 0.00284614], 
              [0.0133297, 0.258209, 0.00274725, 0.725714], 
              [0.303308, 0.153275, 0.139033, 0.404385]
            ]
          }, {
            "db": 0,
            "id": "Motif_10",
            "alt": "10",
            "len": 9,
            "nsites": 9,
            "pwm": [
              [0.320813, 0.173451, 0.225571, 0.280165], 
              [0.443451, 0.0615934, 0.492209, 0.00274725], 
              [0.0614886, 0.893856, 0.0413148, 0.0033406], 
              [0.00650549, 0.487165, 0.503582, 0.00274725], 
              [0.291468, 0.306206, 0.399578, 0.00274725], 
              [0.0352857, 0.00284615, 0.958923, 0.00294505], 
              [0.446373, 0.197662, 0.343724, 0.0122408], 
              [0.409033, 0.171868, 0.416352, 0.00274725], 
              [0.371685, 0.186227, 0.179897, 0.262191]
            ]
          }, {
            "db": 0,
            "id": "Motif_100",
            "alt": "100",
            "len": 9,
            "nsites": 9,
            "pwm": [
              [0.26293, 0.182136, 0.213781, 0.341153], 
              [0.00274725, 0.554121, 0.420604, 0.0225275], 
              [0.0611978, 0.0226264, 0.816407, 0.0997692], 
              [0.0128352, 0.0201538, 0.879604, 0.0874066], 
              [0.034989, 0.449385, 0.480341, 0.0352857], 
              [0.016, 0.51822, 0.461747, 0.00403297], 
              [0.0512088, 0.349791, 0.586264, 0.0127363], 
              [0.571527, 0.0910659, 0.317747, 0.0196593], 
              [0.351705, 0.168324, 0.20502, 0.27495]
            ]
          }, {
            "db": 0,
            "id": "Motif_101",
            "alt": "101",
            "len": 9,
            "nsites": 9,
            "pwm": [
              [0.365022, 0.0990769, 0.11233, 0.423571], 
              [0.00284615, 0.00274725, 0.00274725, 0.991659], 
              [0.258505, 0.00274725, 0.0441868, 0.69456], 
              [0.00284615, 0.115297, 0.374516, 0.507341], 
              [0.929556, 0.00294504, 0.0646532, 0.00284614], 
              [0.00274725, 0.00274725, 0.00274725, 0.991758], 
              [0.00284615, 0.00274725, 0.0475495, 0.946857], 
              [0.0611978, 0.00274725, 0.00274725, 0.933308], 
              [0.302813, 0.13211, 0.133593, 0.431484]
            ]
          }, {
            "db": 0,
            "id": "Motif_102",
            "alt": "102",
            "len": 9,
            "nsites": 9,
            "pwm": [
              [0.340495, 0.156143, 0.141209, 0.362154], 
              [0.00650549, 0.156143, 0.0066044, 0.830747], 
              [0.00274725, 0.00680179, 0.00432951, 0.986121], 
              [0.00274725, 0.390341, 0.00274725, 0.604165], 
              [0.00274725, 0.00274725, 0.00650549, 0.988], 
              [0.00502198, 0.00294505, 0.00274725, 0.989286], 
              [0.00274725, 0.985231, 0.00304396, 0.00897802], 
              [0.0160989, 0.222505, 0.361956, 0.39944], 
              [0.335747, 0.154758, 0.173154, 0.336341]
            ]
          }, {
            "db": 0,
            "id": "Motif_103",
            "alt": "103",
            "len": 9,
            "nsites": 9,
            "pwm": [
              [0.39311, 0.183835, 0.193033, 0.230022], 
              [0.983253, 0.00294505, 0.0110549, 0.00274725], 
              [0.967228, 0.0272772, 0.00274725, 0.00274725], 
              [0.501011, 0.135077, 0.221022, 0.14289], 
              [0.180095, 0.814411, 0.00274725, 0.00274725], 
              [0.452352, 0.191451, 0.316066, 0.0401319], 
              [0.00334066, 0.62889, 0.365022, 0.00274725], 
              [0.819257, 0.175248, 0.00274725, 0.00274725], 
              [0.416253, 0.156242, 0.155055, 0.272451]
            ]
          }, {
            "db": 0,
            "id": "Motif_104",
            "alt": "104",
            "len": 9,
            "nsites": 9,
            "pwm": [
              [0.305385, 0.136659, 0.168604, 0.389352], 
              [0.00294507, 0.00274725, 0.826082, 0.168225], 
              [0.00423077, 0.673099, 0.317549, 0.00512088], 
              [0.00274725, 0.00274725, 0.00284615, 0.991659], 
              [0.00383516, 0.00274725, 0.597341, 0.396077], 
              [0.701088, 0.29322, 0.00294505, 0.00274725], 
              [0.698714, 0.0785055, 0.199659, 0.0231209], 
              [0.990571, 0.00274725, 0.00274725, 0.00393407], 
              [0.391983, 0.132493, 0.146337, 0.329187]
            ]
          }, {
            "db": 0,
            "id": "Motif_105",
            "alt": "105",
            "len": 9,
            "nsites": 9,
            "pwm": [
              [0.328626, 0.13933, 0.119648, 0.412396], 
              [0.00284614, 0.00284614, 0.230296, 0.764012], 
              [0.447209, 0.39756, 0.152385, 0.00284615], 
              [0.00284614, 0.765495, 0.00284614, 0.228813], 
              [0.789011, 0.00284615, 0.00274725, 0.205396], 
              [0.991758, 0.00274725, 0.00274725, 0.00274725], 
              [0.991758, 0.00274725, 0.00274725, 0.00274725], 
              [0.991659, 0.00274725, 0.00274725, 0.00284615], 
              [0.372637, 0.136956, 0.122516, 0.36789]
            ]
          }, {
            "db": 0,
            "id": "Motif_106",
            "alt": "106",
            "len": 9,
            "nsites": 9,
            "pwm": [
              [0.327637, 0.116286, 0.121626, 0.434451], 
              [0.00274725, 0.00274725, 0.00274725, 0.991758], 
              [0.00274725, 0.0777143, 0.00274725, 0.916791], 
              [0.00284615, 0.17711, 0.00274725, 0.817297], 
              [0.00274725, 0.00274725, 0.989484, 0.00502198], 
              [0.233286, 0.0602088, 0.0759341, 0.630571], 
              [0.138835, 0.0714835, 0.00274725, 0.786934], 
              [0.00274725, 0.0531868, 0.00274725, 0.941319], 
              [0.261004, 0.136178, 0.163478, 0.43934]
            ]
          }, {
            "db": 0,
            "id": "Motif_107",
            "alt": "107",
            "len": 9,
            "nsites": 9,
            "pwm": [
              [0.308747, 0.158912, 0.147835, 0.384505], 
              [0.00284615, 0.901956, 0.00274725, 0.0924505], 
              [0.00274725, 0.619692, 0.00274725, 0.374813], 
              [0.00274725, 0.00284615, 0.00274725, 0.991659], 
              [0.216473, 0.458582, 0.0164945, 0.308451], 
              [0.333967, 0.0650549, 0.00314286, 0.597835], 
              [0.00274725, 0.00284615, 0.00442857, 0.989978], 
              [0.400033, 0.376396, 0.00284615, 0.220725], 
              [0.342605, 0.165654, 0.142706, 0.349035]
            ]
          }, {
            "db": 0,
            "id": "Motif_108",
            "alt": "108",
            "len": 9,
            "nsites": 9,
            "pwm": [
              [0.258828, 0.185535, 0.215999, 0.339638], 
              [0.0344945, 0.387769, 0.555011, 0.0227253], 
              [0.143667, 0.0587197, 0.688854, 0.108759], 
              [0.0166923, 0.149418, 0.715231, 0.118659], 
              [0.00887912, 0.749451, 0.235857, 0.00581319], 
              [0.0933407, 0.217857, 0.671022, 0.0177802], 
              [0.192736, 0.25267, 0.483308, 0.0712857], 
              [0.00650512, 0.0207455, 0.96575, 0.00699957], 
              [0.330044, 0.183655, 0.20235, 0.283951]
            ]
          }, {
            "db": 0,
            "id": "Motif_109",
            "alt": "109",
            "len": 9,
            "nsites": 9,
            "pwm": [
              [0.272253, 0.17978, 0.209055, 0.338912], 
              [0.0859314, 0.0751501, 0.835973, 0.00294507], 
              [0.198769, 0.0143187, 0.640165, 0.146747], 
              [0.0897802, 0.0663407, 0.535923, 0.307956], 
              [0.0461648, 0.766363, 0.165934, 0.0215385], 
              [0.0117473, 0.0845385, 0.815319, 0.0883956], 
              [0.0955258, 0.0223316, 0.877813, 0.00432983], 
              [0.853495, 0.0585275, 0.0786044, 0.00937363], 
              [0.378967, 0.133692, 0.178495, 0.308846]
            ]
          }, {
            "db": 0,
            "id": "Motif_11",
            "alt": "11",
            "len": 9,
            "nsites": 9,
            "pwm": [
              [0.391626, 0.116582, 0.129044, 0.362747], 
              [0.208284, 0.00274725, 0.00274725, 0.786221], 
              [0.00274725, 0.00274725, 0.00274725, 0.991758], 
              [0.00274725, 0.00274725, 0.00274725, 0.991758], 
              [0.00274725, 0.00274725, 0.00274725, 0.991758], 
              [0.209924, 0.0803769, 0.00274725, 0.706952], 
              [0.00294504, 0.0764212, 0.0809702, 0.839664], 
              [0.120637, 0.220923, 0.0593187, 0.599121], 
              [0.341582, 0.136165, 0.141407, 0.380846]
            ]
          }, {
            "db": 0,
            "id": "Motif_110",
            "alt": "110",
            "len": 9,
            "nsites": 9,
            "pwm": [
              [0.35444, 0.108176, 0.111934, 0.425451], 
              [0.00274725, 0.00274725, 0.0549723, 0.939533], 
              [0.00274725, 0.00274725, 0.145264, 0.849242], 
              [0.00284615, 0.101945, 0.00284615, 0.892363], 
              [0.449385, 0.143385, 0.112626, 0.294604], 
              [0.991758, 0.00274725, 0.00274725, 0.00274725], 
              [0.991758, 0.00274725, 0.00274725, 0.00274725], 
              [0.991758, 0.00274725, 0.00274725, 0.00274725], 
              [0.406363, 0.105407, 0.107582, 0.380648]
            ]
          }, {
            "db": 0,
            "id": "Motif_111",
            "alt": "111",
            "len": 9,
            "nsites": 9,
            "pwm": [
              [0.31224, 0.137365, 0.163379, 0.387016], 
              [0.128747, 0.00274725, 0.865659, 0.00284615], 
              [0.00274725, 0.00274725, 0.00274725, 0.991758], 
              [0.00442857, 0.00274725, 0.00274725, 0.990077], 
              [0.706626, 0.00274725, 0.00284615, 0.28778], 
              [0.224978, 0.0654505, 0.706824, 0.00274725], 
              [0.583495, 0.00472527, 0.369868, 0.0419121], 
              [0.0973956, 0.229824, 0.00274725, 0.670033], 
              [0.31656, 0.13478, 0.168901, 0.379758]
            ]
          }, {
            "db": 0,
            "id": "Motif_112",
            "alt": "112",
            "len": 9,
            "nsites": 9,
            "pwm": [
              [0.37778, 0.133989, 0.16544, 0.322791], 
              [0.489143, 0.00274725, 0.00274725, 0.505363], 
              [0.352956, 0.00274725, 0.00274725, 0.641549], 
              [0.00284615, 0.00274725, 0.991659, 0.00274725], 
              [0.991758, 0.00274725, 0.00274725, 0.00274725], 
              [0.771308, 0.00274725, 0.00274725, 0.223198], 
              [0.0389451, 0.209451, 0.343857, 0.407747], 
              [0.112824, 0.00274725, 0.00294505, 0.881484], 
              [0.290846, 0.141901, 0.165341, 0.401912]
            ]
          }, {
            "db": 0,
            "id": "Motif_113",
            "alt": "113",
            "len": 9,
            "nsites": 9,
            "pwm": [
              [0.40211, 0.138143, 0.136758, 0.322989], 
              [0.846275, 0.00324176, 0.00284615, 0.147637], 
              [0.831044, 0.00274725, 0.00274725, 0.163462], 
              [0.706697, 0.00274725, 0.0803924, 0.210164], 
              [0.991758, 0.00274725, 0.00274725, 0.00274725], 
              [0.990868, 0.00274725, 0.00363736, 0.00274725], 
              [0.746484, 0.00274725, 0.0576374, 0.193132], 
              [0.991659, 0.00274725, 0.00274725, 0.00284615], 
              [0.381242, 0.116582, 0.10244, 0.399736]
            ]
          }, {
            "db": 0,
            "id": "Motif_114",
            "alt": "114",
            "len": 9,
            "nsites": 9,
            "pwm": [
              [0.423218, 0.15784, 0.159027, 0.259916], 
              [0.99156, 0.00294505, 0.00274725, 0.00274725], 
              [0.188286, 0.484, 0.00274725, 0.324967], 
              [0.95922, 0.00442857, 0.00274725, 0.0336044], 
              [0.0601099, 0.611484, 0.00284615, 0.32556], 
              [0.121231, 0.784758, 0.0283626, 0.0656484], 
              [0.750538, 0.236352, 0.00917582, 0.00393407], 
              [0.19689, 0.00274725, 0.00274725, 0.797615], 
              [0.285477, 0.176598, 0.145348, 0.392576]
            ]
          }, {
            "db": 0,
            "id": "Motif_115",
            "alt": "115",
            "len": 9,
            "nsites": 9,
            "pwm": [
              [0.401912, 0.0879011, 0.104813, 0.405374], 
              [0.00284615, 0.00274725, 0.00274725, 0.991659], 
              [0.343792, 0.110758, 0.00274725, 0.542702], 
              [0.45433, 0.0643626, 0.0818681, 0.39944], 
              [0.00284616, 0.0556646, 0.00274725, 0.938742], 
              [0.00284615, 0.00274725, 0.00274725, 0.991659], 
              [0.498538, 0.00274725, 0.00274725, 0.495967], 
              [0.00284615, 0.00274725, 0.00274725, 0.991659], 
              [0.280066, 0.129143, 0.12489, 0.465901]
            ]
          }, {
            "db": 0,
            "id": "Motif_116",
            "alt": "116",
            "len": 9,
            "nsites": 9,
            "pwm": [
              [0.36789, 0.110846, 0.120044, 0.40122], 
              [0.00274725, 0.00274725, 0.00284615, 0.991659], 
              [0.00274725, 0.640659, 0.00274725, 0.353846], 
              [0.938154, 0.0562527, 0.00274725, 0.00284615], 
              [0.766659, 0.227846, 0.00274725, 0.00274725], 
              [0.25356, 0.00274725, 0.00274725, 0.740945], 
              [0.82511, 0.00274725, 0.00274725, 0.169396], 
              [0.760801, 0.233704, 0.00274725, 0.00274725], 
              [0.407451, 0.128846, 0.0991758, 0.364527]
            ]
          }, {
            "db": 0,
            "id": "Motif_117",
            "alt": "117",
            "len": 9,
            "nsites": 9,
            "pwm": [
              [0.373132, 0.0942308, 0.10867, 0.423967], 
              [0.00274725, 0.00274725, 0.00274725, 0.991758], 
              [0.00502198, 0.00274725, 0.00304396, 0.989187], 
              [0.00274725, 0.00521978, 0.00274725, 0.989286], 
              [0.708873, 0.281775, 0.00274725, 0.00660478], 
              [0.00274725, 0.186209, 0.00274725, 0.808297], 
              [0.00274725, 0.00274725, 0.00274725, 0.991758], 
              [0.00601099, 0.00502198, 0.00274725, 0.98622], 
              [0.293022, 0.135967, 0.137747, 0.433264]
            ]
          }, {
            "db": 0,
            "id": "Motif_118",
            "alt": "118",
            "len": 9,
            "nsites": 9,
            "pwm": [
              [0.285972, 0.184213, 0.165621, 0.364195], 
              [0.00274725, 0.787626, 0.0827582, 0.126868], 
              [0.011946, 0.231133, 0.00304399, 0.753877], 
              [0.00274725, 0.105703, 0.154758, 0.736791], 
              [0.00274725, 0.601396, 0.39311, 0.00274725], 
              [0.00274725, 0.796943, 0.197464, 0.00284614], 
              [0.0690044, 0.280236, 0.00383506, 0.646925], 
              [0.00284614, 0.332055, 0.0663343, 0.598765], 
              [0.284615, 0.193429, 0.181363, 0.340593]
            ]
          }, {
            "db": 0,
            "id": "Motif_119",
            "alt": "119",
            "len": 9,
            "nsites": 9,
            "pwm": [
              [0.379721, 0.102726, 0.114395, 0.403158], 
              [0.150703, 0.00284615, 0.0687143, 0.777736], 
              [0.0984835, 0.00274725, 0.00274725, 0.896022], 
              [0.148047, 0.0031429, 0.00334072, 0.845469], 
              [0.982066, 0.0123407, 0.00274725, 0.00284615], 
              [0.010956, 0.00274725, 0.00314286, 0.983154], 
              [0.646692, 0.00274725, 0.00759341, 0.342967], 
              [0.00284615, 0.128549, 0.862593, 0.00601099], 
              [0.373725, 0.142297, 0.147835, 0.336143]
            ]
          }, {
            "db": 0,
            "id": "Motif_12",
            "alt": "12",
            "len": 9,
            "nsites": 9,
            "pwm": [
              [0.425451, 0.153769, 0.156341, 0.26444], 
              [0.991659, 0.00284615, 0.00274725, 0.00274725], 
              [0.991659, 0.00274725, 0.00274725, 0.00284615], 
              [0.00284615, 0.00274725, 0.0156044, 0.978802], 
              [0.432473, 0.0682198, 0.00284615, 0.496462], 
              [0.220824, 0.212121, 0.238725, 0.32833], 
              [0.0274701, 0.00274725, 0.966937, 0.00284614], 
              [0.00284615, 0.00284615, 0.508429, 0.485879], 
              [0.32134, 0.152202, 0.163181, 0.363278]
            ]
          }, {
            "db": 0,
            "id": "Motif_120",
            "alt": "120",
            "len": 9,
            "nsites": 9,
            "pwm": [
              [0.402663, 0.152765, 0.154743, 0.289828], 
              [0.991758, 0.00274725, 0.00274725, 0.00274725], 
              [0.431088, 0.179286, 0.122615, 0.267011], 
              [0.991758, 0.00274725, 0.00274725, 0.00274725], 
              [0.908582, 0.00274725, 0.00274725, 0.0859231], 
              [0.991758, 0.00274725, 0.00274725, 0.00274725], 
              [0.0327143, 0.0276703, 0.210143, 0.729473], 
              [0.632711, 0.361794, 0.00274725, 0.00274725], 
              [0.432034, 0.124779, 0.117461, 0.325726]
            ]
          }, {
            "db": 0,
            "id": "Motif_121",
            "alt": "121",
            "len": 9,
            "nsites": 9,
            "pwm": [
              [0.279077, 0.179187, 0.169, 0.372736], 
              [0.00274725, 0.0381538, 0.921835, 0.0372637], 
              [0.0227253, 0.278385, 0.695945, 0.00294505], 
              [0.00452747, 0.00274725, 0.987209, 0.00551648], 
              [0.250396, 0.0163956, 0.502692, 0.230516], 
              [0.122505, 0.21744, 0.285774, 0.374282], 
              [0.0246044, 0.178495, 0.0294505, 0.767451], 
              [0.0341978, 0.907495, 0.0551648, 0.00314286], 
              [0.339901, 0.182846, 0.189077, 0.288176]
            ]
          }, {
            "db": 0,
            "id": "Motif_122",
            "alt": "122",
            "len": 9,
            "nsites": 9,
            "pwm": [
              [0.326154, 0.211626, 0.178099, 0.284121], 
              [0.772022, 0.0132297, 0.194102, 0.0206466], 
              [0.172956, 0.776055, 0.0482418, 0.00274725], 
              [0.00274725, 0.914912, 0.0795934, 0.00274725], 
              [0.00274725, 0.0854286, 0.870407, 0.0414176], 
              [0.00274725, 0.239418, 0.75489, 0.00294505], 
              [0.00324171, 0.285477, 0.264809, 0.446472], 
              [0.462637, 0.007, 0.0908681, 0.439495], 
              [0.315769, 0.192143, 0.190363, 0.301725]
            ]
          }, {
            "db": 0,
            "id": "Motif_123",
            "alt": "123",
            "len": 9,
            "nsites": 9,
            "pwm": [
              [0.300736, 0.162473, 0.217659, 0.319132], 
              [0.00304396, 0.0789011, 0.620879, 0.297176], 
              [0.0223316, 0.743788, 0.231034, 0.00284616], 
              [0.145462, 0.0427033, 0.809088, 0.00274725], 
              [0.335088, 0.0849423, 0.565056, 0.0149133], 
              [0.216077, 0.32022, 0.167912, 0.295791], 
              [0.00284615, 0.0912637, 0.901956, 0.00393407], 
              [0.0149133, 0.639833, 0.342507, 0.00274725], 
              [0.330209, 0.188088, 0.197582, 0.284121]
            ]
          }, {
            "db": 0,
            "id": "Motif_124",
            "alt": "124",
            "len": 9,
            "nsites": 9,
            "pwm": [
              [0.364626, 0.193725, 0.144473, 0.297176], 
              [0.982659, 0.00274725, 0.00858242, 0.00601099], 
              [0.0320249, 0.00274725, 0.94527, 0.0199578], 
              [0.0331069, 0.00274725, 0.00294504, 0.961201], 
              [0.0922527, 0.00274725, 0.878418, 0.0265824], 
              [0.652463, 0.00274725, 0.00294504, 0.341845], 
              [0.462987, 0.00413173, 0.201024, 0.331857], 
              [0.991758, 0.00274725, 0.00274725, 0.00274725], 
              [0.405927, 0.135558, 0.143766, 0.314749]
            ]
          }, {
            "db": 0,
            "id": "Motif_125",
            "alt": "125",
            "len": 9,
            "nsites": 9,
            "pwm": [
              [0.31211, 0.157231, 0.148429, 0.382231], 
              [0.00274725, 0.360275, 0.00274725, 0.634231], 
              [0.00274725, 0.279643, 0.00314282, 0.714467], 
              [0.00274725, 0.00294505, 0.00274725, 0.99156], 
              [0.00274725, 0.456011, 0.250396, 0.290846], 
              [0.115396, 0.130429, 0.352264, 0.401912], 
              [0.00274725, 0.748066, 0.00274725, 0.24644], 
              [0.00274725, 0.0118462, 0.00274725, 0.982659], 
              [0.25089, 0.17256, 0.186802, 0.389747]
            ]
          }, {
            "db": 0,
            "id": "Motif_126",
            "alt": "126",
            "len": 9,
            "nsites": 9,
            "pwm": [
              [0.303041, 0.142212, 0.171292, 0.383456], 
              [0.00274725, 0.201736, 0.00294505, 0.792571], 
              [0.00274725, 0.806912, 0.00274725, 0.187593], 
              [0.00274725, 0.365912, 0.628593, 0.00274725], 
              [0.848154, 0.0895824, 0.00274725, 0.0595165], 
              [0.0202527, 0.176813, 0.0854286, 0.717505], 
              [0.0066044, 0.00274725, 0.00274725, 0.987901], 
              [0.0291538, 0.00274725, 0.779615, 0.188484], 
              [0.323649, 0.155831, 0.212397, 0.308123]
            ]
          }, {
            "db": 0,
            "id": "Motif_127",
            "alt": "127",
            "len": 9,
            "nsites": 9,
            "pwm": [
              [0.340164, 0.163149, 0.150194, 0.346493], 
              [0.250692, 0.572121, 0.00274725, 0.17444], 
              [0.779538, 0.00284614, 0.100452, 0.117164], 
              [0.981571, 0.0128352, 0.00274725, 0.00284615], 
              [0.00284616, 0.370004, 0.00274725, 0.624403], 
              [0.00274725, 0.00284615, 0.00274725, 0.991659], 
              [0.0604066, 0.787527, 0.00274725, 0.149319], 
              [0.826082, 0.017485, 0.00274725, 0.153685], 
              [0.381934, 0.146253, 0.129242, 0.342571]
            ]
          }, {
            "db": 0,
            "id": "Motif_13",
            "alt": "13",
            "len": 9,
            "nsites": 9,
            "pwm": [
              [0.346429, 0.231901, 0.15367, 0.268], 
              [0.918967, 0.0747473, 0.00353846, 0.00274725], 
              [0.137451, 0.536714, 0.322791, 0.00304396], 
              [0.631857, 0.0463626, 0.00393407, 0.317846], 
              [0.0450769, 0.946659, 0.00551648, 0.00274725], 
              [0.76421, 0.211507, 0.0215366, 0.00274725], 
              [0.00274725, 0.970789, 0.0145177, 0.011946], 
              [0.861407, 0.133099, 0.00274725, 0.00274725], 
              [0.379758, 0.187, 0.15733, 0.275912]
            ]
          }, {
            "db": 0,
            "id": "Motif_14",
            "alt": "14",
            "len": 9,
            "nsites": 9,
            "pwm": [
              [0.367854, 0.187773, 0.151183, 0.293191], 
              [0.938945, 0.00274725, 0.0555604, 0.00274725], 
              [0.00274725, 0.00462637, 0.319231, 0.673396], 
              [0.0072967, 0.832033, 0.00274725, 0.157923], 
              [0.923121, 0.00274725, 0.0284615, 0.0456703], 
              [0.991758, 0.00274725, 0.00274725, 0.00274725], 
              [0.0334066, 0.159604, 0.796824, 0.0101648], 
              [0.00274725, 0.510901, 0.316363, 0.169989], 
              [0.381835, 0.155747, 0.179286, 0.283132]
            ]
          }, {
            "db": 0,
            "id": "Motif_15",
            "alt": "15",
            "len": 9,
            "nsites": 9,
            "pwm": [
              [0.307036, 0.151579, 0.197266, 0.34412], 
              [0.00432983, 0.00284616, 0.990077, 0.00274725], 
              [0.322526, 0.52292, 0.151806, 0.00274725], 
              [0.121737, 0.0329151, 0.67732, 0.168028], 
              [0.118066, 0.158121, 0.71444, 0.00937363], 
              [0.302783, 0.00838405, 0.686086, 0.00274725], 
              [0.95071, 0.0306402, 0.0159024, 0.00274725], 
              [0.663407, 0.0702967, 0.061989, 0.204308], 
              [0.380352, 0.147044, 0.162176, 0.310429]
            ]
          }, {
            "db": 0,
            "id": "Motif_16",
            "alt": "16",
            "len": 9,
            "nsites": 9,
            "pwm": [
              [0.315571, 0.135176, 0.155352, 0.393901], 
              [0.00274725, 0.0835575, 0.291073, 0.622622], 
              [0.235462, 0.244363, 0.296286, 0.22389], 
              [0.974352, 0.00274725, 0.0200549, 0.00284615], 
              [0.0575385, 0.00274725, 0.936967, 0.00274725], 
              [0.160198, 0.00452747, 0.00373626, 0.831538], 
              [0.00274725, 0.00274725, 0.00274725, 0.991758], 
              [0.00274725, 0.00274725, 0.990769, 0.00373626], 
              [0.361264, 0.144077, 0.194319, 0.300341]
            ]
          }, {
            "db": 0,
            "id": "Motif_17",
            "alt": "17",
            "len": 9,
            "nsites": 9,
            "pwm": [
              [0.283626, 0.16356, 0.18789, 0.364923], 
              [0.0162967, 0.197978, 0.782978, 0.00274725], 
              [0.00452747, 0.101055, 0.767451, 0.126967], 
              [0.0669341, 0.0699011, 0.860418, 0.00274725], 
              [0.545418, 0.120637, 0.200549, 0.133396], 
              [0.896813, 0.0255934, 0.00274725, 0.0748462], 
              [0.0917582, 0.00304396, 0.879802, 0.0253956], 
              [0.0292527, 0.12667, 0.595363, 0.248714], 
              [0.334956, 0.163165, 0.205099, 0.29678]
            ]
          }, {
            "db": 0,
            "id": "Motif_18",
            "alt": "18",
            "len": 9,
            "nsites": 9,
            "pwm": [
              [0.41556, 0.139033, 0.141901, 0.303505], 
              [0.908088, 0.00274725, 0.00294505, 0.0862198], 
              [0.991264, 0.00274725, 0.00274725, 0.00324176], 
              [0.991758, 0.00274725, 0.00274725, 0.00274725], 
              [0.00521978, 0.19689, 0.285407, 0.512484], 
              [0.99156, 0.00274725, 0.00284614, 0.00284614], 
              [0.653615, 0.00274725, 0.034, 0.309637], 
              [0.990868, 0.00274725, 0.00294505, 0.00343956], 
              [0.429505, 0.103923, 0.0995714, 0.367]
            ]
          }, {
            "db": 0,
            "id": "Motif_19",
            "alt": "19",
            "len": 9,
            "nsites": 9,
            "pwm": [
              [0.264736, 0.159901, 0.20144, 0.373923], 
              [0.00284615, 0.00502198, 0.977121, 0.015011], 
              [0.00294507, 0.00897865, 0.984637, 0.00343963], 
              [0.359088, 0.363835, 0.267901, 0.00917582], 
              [0.51441, 0.0677188, 0.142876, 0.274995], 
              [0.00591209, 0.0184725, 0.595758, 0.379857], 
              [0.00294507, 0.0512136, 0.583058, 0.362783], 
              [0.015011, 0.205692, 0.77289, 0.00640659], 
              [0.322297, 0.165736, 0.245549, 0.266418]
            ]
          }, {
            "db": 0,
            "id": "Motif_2",
            "alt": "2",
            "len": 9,
            "nsites": 9,
            "pwm": [
              [0.277819, 0.157642, 0.208383, 0.356156], 
              [0.010858, 0.182073, 0.804322, 0.00274725], 
              [0.0308352, 0.00373626, 0.960802, 0.00462637], 
              [0.0397363, 0.185121, 0.412692, 0.362451], 
              [0.0757363, 0.148132, 0.763791, 0.0123407], 
              [0.699604, 0.0546703, 0.227055, 0.0186703], 
              [0.0392418, 0.0167912, 0.87189, 0.0720769], 
              [0.225571, 0.135967, 0.584187, 0.0542747], 
              [0.331527, 0.157939, 0.211944, 0.29859]
            ]
          }, {
            "db": 0,
            "id": "Motif_20",
            "alt": "20",
            "len": 9,
            "nsites": 9,
            "pwm": [
              [0.29678, 0.193033, 0.219242, 0.290945], 
              [0.214989, 0.0706923, 0.699802, 0.0145165], 
              [0.277665, 0.598765, 0.120626, 0.00294504], 
              [0.0572418, 0.848945, 0.0884945, 0.00531868], 
              [0.0851236, 0.907206, 0.00274725, 0.00492286], 
              [0.401714, 0.129736, 0.361363, 0.107187], 
              [0.00413187, 0.156934, 0.836187, 0.00274725], 
              [0.712193, 0.0077907, 0.277269, 0.00274725], 
              [0.394297, 0.169495, 0.169396, 0.266813]
            ]
          }, {
            "db": 0,
            "id": "Motif_21",
            "alt": "21",
            "len": 9,
            "nsites": 9,
            "pwm": [
              [0.376754, 0.114692, 0.124482, 0.384072], 
              [0.288897, 0.0031429, 0.0347944, 0.673166], 
              [0.0672372, 0.0220349, 0.0192654, 0.891462], 
              [0.00274725, 0.00274725, 0.00274725, 0.991758], 
              [0.00274725, 0.407747, 0.00294505, 0.58656], 
              [0.381181, 0.107692, 0.00274725, 0.50838], 
              [0.00274725, 0.00274725, 0.00274725, 0.991758], 
              [0.00274725, 0.00274725, 0.00274725, 0.991758], 
              [0.296484, 0.14289, 0.153275, 0.407352]
            ]
          }, {
            "db": 0,
            "id": "Motif_22",
            "alt": "22",
            "len": 9,
            "nsites": 9,
            "pwm": [
              [0.303209, 0.170187, 0.142495, 0.38411], 
              [0.00274725, 0.0964961, 0.00838405, 0.892373], 
              [0.00294505, 0.39944, 0.00274725, 0.594868], 
              [0.00274725, 0.37422, 0.00274725, 0.620286], 
              [0.00274725, 0.41556, 0.00897802, 0.572714], 
              [0.00274725, 0.00284615, 0.00274725, 0.991659], 
              [0.0191648, 0.974648, 0.00274725, 0.00343956], 
              [0.00274725, 0.63878, 0.00274725, 0.355725], 
              [0.331132, 0.184842, 0.153883, 0.330143]
            ]
          }, {
            "db": 0,
            "id": "Motif_23",
            "alt": "23",
            "len": 9,
            "nsites": 9,
            "pwm": [
              [0.437418, 0.162967, 0.123407, 0.276209], 
              [0.991758, 0.00274725, 0.00274725, 0.00274725], 
              [0.257813, 0.0997692, 0.00274725, 0.63967], 
              [0.298956, 0.695451, 0.00274725, 0.00284615], 
              [0.862297, 0.129934, 0.00274725, 0.00502198], 
              [0.915505, 0.0292527, 0.00274725, 0.0524945], 
              [0.692582, 0.0329121, 0.00274725, 0.271758], 
              [0.00897802, 0.00274725, 0.00274725, 0.985527], 
              [0.317024, 0.146238, 0.145942, 0.390796]
            ]
          }, {
            "db": 0,
            "id": "Motif_24",
            "alt": "24",
            "len": 9,
            "nsites": 9,
            "pwm": [
              [0.40029, 0.1229, 0.118747, 0.358063], 
              [0.784045, 0.00274725, 0.00274725, 0.21046], 
              [0.0110549, 0.00274725, 0.00274725, 0.983451], 
              [0.282044, 0.184429, 0.00274725, 0.53078], 
              [0.495127, 0.00284614, 0.353811, 0.148216], 
              [0.00304396, 0.00274725, 0.00274725, 0.991462], 
              [0.00274725, 0.00274725, 0.00274725, 0.991758], 
              [0.00284615, 0.00274725, 0.00274725, 0.991659], 
              [0.294901, 0.14022, 0.139626, 0.425253]
            ]
          }, {
            "db": 0,
            "id": "Motif_25",
            "alt": "25",
            "len": 9,
            "nsites": 9,
            "pwm": [
              [0.330407, 0.121923, 0.134582, 0.413088], 
              [0.00274725, 0.00274725, 0.00284615, 0.991659], 
              [0.179088, 0.207571, 0.0421099, 0.571231], 
              [0.303209, 0.474308, 0.00274725, 0.219736], 
              [0.991659, 0.00284615, 0.00274725, 0.00274725], 
              [0.255934, 0.00274725, 0.00274725, 0.738571], 
              [0.00284614, 0.00274725, 0.97732, 0.0170865], 
              [0.00274725, 0.410278, 0.432232, 0.154743], 
              [0.359582, 0.166231, 0.154462, 0.319725]
            ]
          }, {
            "db": 0,
            "id": "Motif_26",
            "alt": "26",
            "len": 9,
            "nsites": 9,
            "pwm": [
              [0.3068, 0.15873, 0.190579, 0.343891], 
              [0.00304396, 0.00274725, 0.991462, 0.00274725], 
              [0.972769, 0.00274725, 0.0217363, 0.00274725], 
              [0.631399, 0.0127353, 0.0498195, 0.306047], 
              [0.480835, 0.51367, 0.00274725, 0.00274725], 
              [0.34033, 0.652691, 0.00423092, 0.00274725], 
              [0.00324176, 0.318637, 0.657473, 0.0206484], 
              [0.523462, 0.101648, 0.371747, 0.00314286], 
              [0.409091, 0.147623, 0.169082, 0.274204]
            ]
          }, {
            "db": 0,
            "id": "Motif_27",
            "alt": "27",
            "len": 9,
            "nsites": 9,
            "pwm": [
              [0.280956, 0.187396, 0.175132, 0.356516], 
              [0.0480394, 0.872693, 0.0736523, 0.0056151], 
              [0.0504176, 0.126769, 0.797615, 0.0251978], 
              [0.0972967, 0.792374, 0.07, 0.0403297], 
              [0.0986909, 0.146168, 0.650318, 0.104823], 
              [0.0548681, 0.256429, 0.681901, 0.0068022], 
              [0.100165, 0.0932418, 0.790692, 0.0159011], 
              [0.382527, 0.312209, 0.283527, 0.0217363], 
              [0.361695, 0.186326, 0.172775, 0.279203]
            ]
          }, {
            "db": 0,
            "id": "Motif_28",
            "alt": "28",
            "len": 9,
            "nsites": 9,
            "pwm": [
              [0.407154, 0.153374, 0.153571, 0.285901], 
              [0.989582, 0.00274725, 0.00482418, 0.00284615], 
              [0.339242, 0.161697, 0.164467, 0.334594], 
              [0.991758, 0.00274725, 0.00274725, 0.00274725], 
              [0.991659, 0.00274725, 0.00274725, 0.00284615], 
              [0.991758, 0.00274725, 0.00274725, 0.00274725], 
              [0.990176, 0.00274725, 0.00432967, 0.00274725], 
              [0.600802, 0.213604, 0.182648, 0.00294505], 
              [0.355033, 0.139923, 0.121527, 0.383516]
            ]
          }, {
            "db": 0,
            "id": "Motif_29",
            "alt": "29",
            "len": 9,
            "nsites": 9,
            "pwm": [
              [0.345934, 0.161879, 0.154165, 0.338022], 
              [0.990077, 0.00274725, 0.00274725, 0.00442857], 
              [0.991758, 0.00274725, 0.00274725, 0.00274725], 
              [0.96011, 0.0343956, 0.00274725, 0.00274725], 
              [0.991659, 0.00274725, 0.00274725, 0.00284615], 
              [0.991758, 0.00274725, 0.00274725, 0.00274725], 
              [0.388165, 0.163857, 0.00274725, 0.445231], 
              [0.498885, 0.00274725, 0.00274725, 0.495621], 
              [0.371352, 0.12222, 0.125582, 0.380846]
            ]
          }, {
            "db": 0,
            "id": "Motif_3",
            "alt": "3",
            "len": 9,
            "nsites": 9,
            "pwm": [
              [0.319527, 0.155648, 0.154857, 0.369967], 
              [0.00274725, 0.923418, 0.00274725, 0.0710879], 
              [0.442264, 0.00284615, 0.00274725, 0.552143], 
              [0.00284615, 0.209451, 0.00284615, 0.784857], 
