<!DOCTYPE HTML>
<html>
  <head>
    <meta charset="UTF-8">
    <title>TOMTOM</title>
    <script>
      // @JSON_VAR data
      var data = {
        "program": "Tomtom",
        "version": "5.0.4",
        "release": "Wed Jan 23 14:05:40 2019 -0800",
        "cmd": [
          "tomtom", "-oc", "tomtom_conv1_cisbp_t1_allr", "-thresh", "0.1",
          "-dist", "allr", "-no-ssc", "./meme_conv1_thres9.txt",
          "/media/ggj/Files/mount/NvWA_Final/0_TFBS/CisBP/Danio_rerio_2021_06_13_2/Danio_rerio_Cisbp.meme"
        ],
        "options": {
          "strands": "both",
          "distance_measure": "allr",
          "threshold_type": "qvalue",
          "threshold_value": 0.1,
          "background_source": "--query--"
        },
        "alphabet": {
          "name": "DNA",
          "like": "dna",
          "ncore": 4,
          "symbols": [
            {
              "symbol": "A",
              "name": "Adenine",
              "colour": "CC0000",
              "complement": "T"
            }, {
              "symbol": "C",
              "name": "Cytosine",
              "colour": "0000CC",
              "complement": "G"
            }, {
              "symbol": "G",
              "name": "Guanine",
              "colour": "FFB300",
              "complement": "C"
            }, {
              "symbol": "T",
              "aliases": "U",
              "name": "Thymine",
              "colour": "008000",
              "complement": "A"
            }, {
              "symbol": "N",
              "aliases": "X.",
              "name": "Any base",
              "equals": "ACGT"
            }, {
              "symbol": "V",
              "name": "Not T",
              "equals": "ACG"
            }, {
              "symbol": "H",
              "name": "Not G",
              "equals": "ACT"
            }, {
              "symbol": "D",
              "name": "Not C",
              "equals": "AGT"
            }, {
              "symbol": "B",
              "name": "Not A",
              "equals": "CGT"
            }, {
              "symbol": "M",
              "name": "Amino",
              "equals": "AC"
            }, {
              "symbol": "R",
              "name": "Purine",
              "equals": "AG"
            }, {
              "symbol": "W",
              "name": "Weak",
              "equals": "AT"
            }, {
              "symbol": "S",
              "name": "Strong",
              "equals": "CG"
            }, {
              "symbol": "Y",
              "name": "Pyrimidine",
              "equals": "CT"
            }, {
              "symbol": "K",
              "name": "Keto",
              "equals": "GT"
            }
          ]
        },
        "background": [0.25, 0.25, 0.25, 0.25],
        "query_dbs": [
          {
            "source": "./meme_conv1_thres9.txt",
            "name": "meme_conv1_thres9.txt",
            "loaded": 128,
            "excluded": 0,
            "last_modified": "Sat Oct 30 19:39:13 2021"
          }
        ],
        "target_dbs": [
          {
            "source": "/media/ggj/Files/mount/NvWA_Final/0_TFBS/CisBP/Danio_rerio_2021_06_13_2/Danio_rerio_Cisbp.meme",
            "name": "Danio_rerio_Cisbp",
            "loaded": 5320,
            "excluded": 0,
            "last_modified": "Sun Jun 13 14:55:16 2021"
          }
        ],
        "queries": [
          {
            "db": 0,
            "id": "Motif_0",
            "alt": "0",
            "len": 9,
            "nsites": 9,
            "pwm": [
              [0.330538, 0.229352, 0.164665, 0.275445], 
              [0.256256, 0.22411, 0.381576, 0.138057], 
              [0.00284616, 0.938346, 0.0560603, 0.00274725], 
              [0.00274725, 0.991758, 0.00274725, 0.00274725], 
              [0.991659, 0.00284615, 0.00274725, 0.00274725], 
              [0.861011, 0.00274725, 0.00274725, 0.133495], 
              [0.00284615, 0.369275, 0.00274725, 0.625132], 
              [0.00274725, 0.00284615, 0.00274725, 0.991659], 
              [0.223396, 0.184231, 0.212121, 0.380253]
            ]
          }, {
            "db": 0,
            "id": "Motif_1",
            "alt": "1",
            "len": 9,
            "nsites": 9,
            "pwm": [
              [0.218352, 0.295, 0.160099, 0.326549], 
              [0.215208, 0.770099, 0.00630805, 0.00838518], 
              [0.108077, 0.75311, 0.00403297, 0.13478], 
              [0.00274725, 0.921538, 0.00274725, 0.072967], 
              [0.00432967, 0.832231, 0.00630769, 0.157132], 
              [0.00304396, 0.991462, 0.00274725, 0.00274725], 
              [0.122208, 0.165028, 0.00304393, 0.709721], 
              [0.00274725, 0.931824, 0.0613956, 0.00403297], 
              [0.322, 0.302022, 0.0845385, 0.29144]
            ]
          }, {
            "db": 0,
            "id": "Motif_10",
            "alt": "10",
            "len": 9,
            "nsites": 9,
            "pwm": [
              [0.277027, 0.18049, 0.331231, 0.211252], 
              [0.00304399, 0.418866, 0.173072, 0.405018], 
              [0.0127363, 0.00274725, 0.981473, 0.00304396], 
              [0.00274725, 0.744407, 0.0159011, 0.236945], 
              [0.232791, 0.00274725, 0.761418, 0.00304396], 
              [0.00274725, 0.839747, 0.00304396, 0.154462], 
              [0.0409231, 0.136165, 0.820165, 0.00274725], 
              [0.00274725, 0.956451, 0.013033, 0.0277692], 
              [0.33644, 0.149121, 0.261374, 0.253066]
            ]
          }, {
            "db": 0,
            "id": "Motif_100",
            "alt": "100",
            "len": 9,
            "nsites": 9,
            "pwm": [
              [0.338847, 0.195723, 0.161895, 0.303536], 
              [0.49033, 0.00274725, 0.00274725, 0.504176], 
              [0.0623846, 0.437516, 0.00274725, 0.497352], 
              [0.932319, 0.00274725, 0.00274725, 0.0621868], 
              [0.00274725, 0.991758, 0.00274725, 0.00274725], 
              [0.031033, 0.00274725, 0.00274725, 0.963473], 
              [0.00274725, 0.00274725, 0.918769, 0.0757363], 
              [0.991758, 0.00274725, 0.00274725, 0.00274725], 
              [0.356912, 0.198374, 0.167714, 0.277]
            ]
          }, {
            "db": 0,
            "id": "Motif_101",
            "alt": "101",
            "len": 9,
            "nsites": 9,
            "pwm": [
              [0.211824, 0.109066, 0.121626, 0.557484], 
              [0.00274725, 0.00274725, 0.00274725, 0.991758], 
              [0.00334066, 0.00274725, 0.00274725, 0.991165], 
              [0.00274725, 0.00274725, 0.00304396, 0.991462], 
              [0.00373626, 0.00274725, 0.00274725, 0.990769], 
              [0.00334066, 0.00274725, 0.00274725, 0.991165], 
              [0.232495, 0.00274725, 0.00314286, 0.761615], 
              [0.00294505, 0.00274725, 0.00274725, 0.99156], 
              [0.196297, 0.113714, 0.108176, 0.581813]
            ]
          }, {
            "db": 0,
            "id": "Motif_102",
            "alt": "102",
            "len": 9,
            "nsites": 9,
            "pwm": [
              [0.298758, 0.196396, 0.218253, 0.286593], 
              [0.293447, 0.28405, 0.259322, 0.163181], 
              [0.161582, 0.00432967, 0.0146154, 0.819473], 
              [0.0920549, 0.87644, 0.00274725, 0.0287582], 
              [0.0381538, 0.00274725, 0.956352, 0.00274725], 
              [0.00274725, 0.767747, 0.00274725, 0.226758], 
              [0.0861125, 0.00274725, 0.904932, 0.00620845], 
              [0.211408, 0.0507095, 0.00432951, 0.733553], 
              [0.210143, 0.186308, 0.285604, 0.317945]
            ]
          }, {
            "db": 0,
            "id": "Motif_103",
            "alt": "103",
            "len": 9,
            "nsites": 9,
            "pwm": [
              [0.300568, 0.102944, 0.178018, 0.41847], 
              [0.00274725, 0.00274725, 0.99156, 0.00294505], 
              [0.00274725, 0.0190659, 0.00274725, 0.97544], 
              [0.00294507, 0.00274725, 0.720544, 0.273763], 
              [0.906505, 0.00274725, 0.00274725, 0.088], 
              [0.491813, 0.146747, 0.00294505, 0.358495], 
              [0.0557529, 0.0164931, 0.924809, 0.00294504], 
              [0.00294505, 0.00274725, 0.00274725, 0.99156], 
              [0.209747, 0.183341, 0.278879, 0.328033]
            ]
          }, {
            "db": 0,
            "id": "Motif_104",
            "alt": "104",
            "len": 9,
            "nsites": 9,
            "pwm": [
              [0.290451, 0.155747, 0.23022, 0.323582], 
              [0.00393407, 0.333473, 0.659846, 0.00274725], 
              [0.0485385, 0.504176, 0.0934396, 0.353846], 
              [0.113418, 0.0437912, 0.00274725, 0.840044], 
              [0.991758, 0.00274725, 0.00274725, 0.00274725], 
              [0.00274725, 0.00274725, 0.991758, 0.00274725], 
              [0.134088, 0.860121, 0.00274725, 0.00304396], 
              [0.24602, 0.00660401, 0.540617, 0.20676], 
              [0.247206, 0.260458, 0.225945, 0.266391]
            ]
          }, {
            "db": 0,
            "id": "Motif_105",
            "alt": "105",
            "len": 9,
            "nsites": 9,
            "pwm": [
              [0.321604, 0.183341, 0.284418, 0.210637], 
              [0.362091, 0.296414, 0.338649, 0.00284616], 
              [0.991363, 0.00304396, 0.00284615, 0.00274725], 
              [0.00284615, 0.00274725, 0.991659, 0.00274725], 
              [0.593187, 0.00274725, 0.401319, 0.00274725], 
              [0.716714, 0.00274725, 0.277099, 0.00343956], 
              [0.00284615, 0.00274725, 0.991659, 0.00274725], 
              [0.00274725, 0.00274725, 0.991758, 0.00274725], 
              [0.36852, 0.177028, 0.200371, 0.25408]
            ]
          }, {
            "db": 0,
            "id": "Motif_106",
            "alt": "106",
            "len": 9,
            "nsites": 9,
            "pwm": [
              [0.312079, 0.192223, 0.203398, 0.292301], 
              [0.00274725, 0.00274725, 0.547989, 0.446516], 
              [0.00274725, 0.00274725, 0.991758, 0.00274725], 
              [0.116187, 0.00274725, 0.878319, 0.00274725], 
              [0.984044, 0.00274725, 0.00284615, 0.0103626], 
              [0.0636764, 0.299085, 0.44577, 0.191469], 
              [0.607626, 0.0839451, 0.0542747, 0.254154], 
              [0.00601099, 0.00274725, 0.988396, 0.00284615], 
              [0.317419, 0.186586, 0.212792, 0.283203]
            ]
          }, {
            "db": 0,
            "id": "Motif_107",
            "alt": "107",
            "len": 9,
            "nsites": 9,
            "pwm": [
              [0.412, 0.0541758, 0.211725, 0.322099], 
              [0.0132308, 0.00274725, 0.981275, 0.00274725], 
              [0.991264, 0.00274725, 0.00324176, 0.00274725], 
              [0.990373, 0.0040331, 0.00274725, 0.00284616], 
              [0.687242, 0.00274725, 0.298956, 0.0110549], 
              [0.989187, 0.00343949, 0.00462619, 0.00274725], 
              [0.991758, 0.00274725, 0.00274725, 0.00274725], 
              [0.991758, 0.00274725, 0.00274725, 0.00274725], 
              [0.487609, 0.129254, 0.168028, 0.215109]
            ]
          }, {
            "db": 0,
            "id": "Motif_108",
            "alt": "108",
            "len": 9,
            "nsites": 9,
            "pwm": [
              [0.328594, 0.16572, 0.186784, 0.318902], 
              [0.00274725, 0.00274725, 0.303505, 0.691], 
              [0.00274725, 0.0584286, 0.93578, 0.00304396], 
              [0.00274725, 0.00274725, 0.00274725, 0.991758], 
              [0.00868132, 0.00274725, 0.00274725, 0.985824], 
              [0.986912, 0.0072967, 0.00274725, 0.00304396], 
              [0.942604, 0.00571429, 0.00353846, 0.0481429], 
              [0.00304396, 0.529099, 0.46511, 0.00274725], 
              [0.329714, 0.184626, 0.161088, 0.324571]
            ]
          }, {
            "db": 0,
            "id": "Motif_109",
            "alt": "109",
            "len": 9,
            "nsites": 9,
            "pwm": [
              [0.298036, 0.220506, 0.202507, 0.27895], 
              [0.591802, 0.00502198, 0.00274725, 0.400429], 
              [0.199462, 0.12044, 0.00274725, 0.677352], 
              [0.0333077, 0.0153077, 0.00353846, 0.947846], 
              [0.00274725, 0.0848352, 0.822934, 0.0894835], 
              [0.0218352, 0.972275, 0.00314286, 0.00274725], 
              [0.00274725, 0.665879, 0.328626, 0.00274725], 
              [0.00274725, 0.135275, 0.859231, 0.00274725], 
              [0.253363, 0.229231, 0.182648, 0.334758]
            ]
          }, {
            "db": 0,
            "id": "Motif_11",
            "alt": "11",
            "len": 9,
            "nsites": 9,
            "pwm": [
              [0.32945, 0.163181, 0.201756, 0.305613], 
              [0.243374, 0.0128352, 0.226165, 0.517626], 
              [0.991758, 0.00274725, 0.00274725, 0.00274725], 
              [0.00274725, 0.402308, 0.592198, 0.00274725], 
              [0.00274725, 0.182828, 0.268962, 0.545462], 
              [0.92411, 0.00324176, 0.00274725, 0.0699011], 
              [0.00274725, 0.00274725, 0.991758, 0.00274725], 
              [0.00274725, 0.935681, 0.0588242, 0.00274725], 
              [0.356022, 0.203022, 0.127956, 0.313]
            ]
          }, {
            "db": 0,
            "id": "Motif_110",
            "alt": "110",
            "len": 9,
            "nsites": 9,
            "pwm": [
              [0.235462, 0.165637, 0.200747, 0.398154], 
              [0.00274725, 0.00274725, 0.00284615, 0.991659], 
              [0.00274725, 0.0383516, 0.285703, 0.673198], 
              [0.00274725, 0.00284614, 0.633376, 0.36103], 
              [0.00274725, 0.177523, 0.00294507, 0.816785], 
              [0.00274725, 0.00274725, 0.99156, 0.00294505], 
              [0.00274725, 0.00274725, 0.00284615, 0.991659], 
              [0.00294504, 0.00274725, 0.613895, 0.380413], 
              [0.199462, 0.160099, 0.189077, 0.451363]
            ]
          }, {
            "db": 0,
            "id": "Motif_111",
            "alt": "111",
            "len": 9,
            "nsites": 9,
            "pwm": [
              [0.241396, 0.276901, 0.343659, 0.138044], 
              [0.916593, 0.0779121, 0.00274725, 0.00274725], 
              [0.00274725, 0.203418, 0.791088, 0.00274725], 
              [0.0129341, 0.0283626, 0.955956, 0.00274725], 
              [0.770319, 0.0407253, 0.0755385, 0.113418], 
              [0.0674286, 0.0301429, 0.899681, 0.00274725], 
              [0.00452729, 0.00274725, 0.985726, 0.00699957], 
              [0.979791, 0.00274725, 0.00314286, 0.0143187], 
              [0.295198, 0.15278, 0.34544, 0.206582]
            ]
          }, {
            "db": 0,
            "id": "Motif_112",
            "alt": "112",
            "len": 9,
            "nsites": 9,
            "pwm": [
              [0.314879, 0.241989, 0.186703, 0.256429], 
              [0.683978, 0.00274725, 0.00324176, 0.310033], 
              [0.286763, 0.0784979, 0.330374, 0.304365], 
              [0.161582, 0.00363736, 0.00274725, 0.832033], 
              [0.00274725, 0.99156, 0.00274725, 0.00294505], 
              [0.00274725, 0.00294505, 0.99156, 0.00274725], 
              [0.0686154, 0.522571, 0.00363736, 0.405176], 
              [0.897298, 0.00274725, 0.0951301, 0.00482438], 
              [0.302813, 0.224978, 0.184725, 0.287484]
            ]
          }, {
            "db": 0,
            "id": "Motif_113",
            "alt": "113",
            "len": 9,
            "nsites": 9,
            "pwm": [
              [0.281154, 0.228341, 0.231308, 0.259198], 
              [0.00294505, 0.991066, 0.00324176, 0.00274725], 
              [0.358, 0.636308, 0.00294505, 0.00274725], 
              [0.512286, 0.00294505, 0.482022, 0.00274725], 
              [0.00274725, 0.215978, 0.778527, 0.00274725], 
              [0.504374, 0.00274725, 0.490132, 0.00274725], 
              [0.20767, 0.00274725, 0.784264, 0.00531868], 
              [0.0977912, 0.00294505, 0.896516, 0.00274725], 
              [0.359978, 0.192044, 0.204802, 0.243176]
            ]
          }, {
            "db": 0,
            "id": "Motif_114",
            "alt": "114",
            "len": 9,
            "nsites": 9,
            "pwm": [
              [0.341286, 0.136462, 0.286989, 0.235264], 
              [0.00284616, 0.702246, 0.00571458, 0.289193], 
              [0.520989, 0.00274725, 0.352264, 0.124], 
              [0.00274725, 0.00274725, 0.00284615, 0.991659], 
              [0.69011, 0.00274725, 0.304297, 0.00284615], 
              [0.00284614, 0.00274725, 0.00284614, 0.99156], 
              [0.407549, 0.00274725, 0.586857, 0.00284615], 
              [0.00274725, 0.00274725, 0.00274725, 0.991758], 
              [0.314385, 0.108473, 0.271659, 0.305484]
            ]
          }, {
            "db": 0,
            "id": "Motif_115",
            "alt": "115",
            "len": 9,
            "nsites": 9,
            "pwm": [
              [0.27433, 0.152681, 0.317253, 0.255736], 
              [0.0545662, 0.627146, 0.314749, 0.00353838], 
              [0.191549, 0.403989, 0.401714, 0.00274725], 
              [0.399538, 0.00967033, 0.588044, 0.00274725], 
              [0.00403284, 0.1318, 0.86142, 0.00274725], 
              [0.0710879, 0.00274725, 0.860516, 0.0656484], 
              [0.0267802, 0.0460659, 0.921143, 0.00601099], 
              [0.00798901, 0.00274725, 0.986516, 0.00274725], 
              [0.271462, 0.195209, 0.290352, 0.242978]
            ]
          }, {
            "db": 0,
            "id": "Motif_116",
            "alt": "116",
            "len": 9,
            "nsites": 9,
            "pwm": [
              [0.233582, 0.188681, 0.241099, 0.336637], 
              [0.123308, 0.0171868, 0.00274725, 0.856758], 
              [0.32622, 0.00274725, 0.0626753, 0.608357], 
              [0.00274725, 0.00274725, 0.821451, 0.173055], 
              [0.00274725, 0.958231, 0.0362747, 0.00274725], 
              [0.00274725, 0.0787033, 0.580527, 0.338022], 
              [0.014812, 0.0466549, 0.935291, 0.00324171], 
              [0.00343956, 0.475297, 0.518516, 0.00274725], 
              [0.30756, 0.189571, 0.158022, 0.344846]
            ]
          }, {
            "db": 0,
            "id": "Motif_117",
            "alt": "117",
            "len": 9,
            "nsites": 9,
            "pwm": [
              [0.290125, 0.233559, 0.245822, 0.230494], 
              [0.00274725, 0.991758, 0.00274725, 0.00274725], 
              [0.197662, 0.508576, 0.00274725, 0.291015], 
              [0.00274725, 0.991758, 0.00274725, 0.00274725], 
              [0.66311, 0.00512088, 0.00274725, 0.329022], 
              [0.367692, 0.181363, 0.180176, 0.270769], 
              [0.00274725, 0.991758, 0.00274725, 0.00274725], 
              [0.00274725, 0.991758, 0.00274725, 0.00274725], 
              [0.372934, 0.236945, 0.10867, 0.281451]
            ]
          }, {
            "db": 0,
            "id": "Motif_118",
            "alt": "118",
            "len": 9,
            "nsites": 9,
            "pwm": [
              [0.297542, 0.264018, 0.226241, 0.212199], 
              [0.634725, 0.245747, 0.0978901, 0.0216374], 
              [0.343956, 0.113319, 0.536813, 0.00591209], 
              [0.00274725, 0.00274725, 0.991758, 0.00274725], 
              [0.013033, 0.928165, 0.019956, 0.0388462], 
              [0.891265, 0.0153089, 0.0826673, 0.010759], 
              [0.00274725, 0.762308, 0.232198, 0.00274725], 
              [0.167516, 0.00274725, 0.826989, 0.00274725], 
              [0.245969, 0.248838, 0.201558, 0.303634]
            ]
          }, {
            "db": 0,
            "id": "Motif_119",
            "alt": "119",
            "len": 9,
            "nsites": 9,
            "pwm": [
              [0.339604, 0.210934, 0.163758, 0.285703], 
              [0.991659, 0.00274725, 0.00274725, 0.00284615], 
              [0.00284615, 0.991659, 0.00274725, 0.00274725], 
              [0.721857, 0.240901, 0.00274725, 0.0344945], 
              [0.00284615, 0.00274725, 0.0591209, 0.935286], 
              [0.00274725, 0.00274725, 0.00274725, 0.991758], 
              [0.317352, 0.00274725, 0.00274725, 0.677154], 
              [0.00284614, 0.00274725, 0.280632, 0.713775], 
              [0.289688, 0.16239, 0.158136, 0.389786]
            ]
          }, {
            "db": 0,
            "id": "Motif_12",
            "alt": "12",
            "len": 9,
            "nsites": 9,
            "pwm": [
              [0.323649, 0.181641, 0.183026, 0.311683], 
              [0.128154, 0.265231, 0.00363736, 0.602978], 
              [0.667462, 0.00274725, 0.00274725, 0.327044], 
              [0.00314286, 0.452451, 0.541659, 0.00274725], 
              [0.849934, 0.00284615, 0.00274725, 0.144473], 
              [0.00284615, 0.00274725, 0.991659, 0.00274725], 
              [0.957835, 0.00274725, 0.00897802, 0.0304396], 
              [0.00284615, 0.00274725, 0.991659, 0.00274725], 
              [0.347551, 0.202844, 0.201657, 0.247948]
            ]
          }, {
            "db": 0,
            "id": "Motif_120",
            "alt": "120",
            "len": 9,
            "nsites": 9,
            "pwm": [
              [0.350582, 0.147637, 0.228934, 0.272846], 
              [0.416747, 0.00274725, 0.577659, 0.00284615], 
              [0.651341, 0.342769, 0.00274725, 0.00314286], 
              [0.00363745, 0.489884, 0.503731, 0.00274725], 
              [0.00274725, 0.00274725, 0.00284615, 0.991659], 
              [0.455319, 0.290945, 0.00274725, 0.250989], 
              [0.991659, 0.00284615, 0.00274725, 0.00274725], 
              [0.00284615, 0.00274725, 0.991659, 0.00274725], 
              [0.283895, 0.257887, 0.157215, 0.301003]
            ]
          }, {
            "db": 0,
            "id": "Motif_121",
            "alt": "121",
            "len": 9,
            "nsites": 9,
            "pwm": [
              [0.334791, 0.272576, 0.220648, 0.171984], 
              [0.834292, 0.0161991, 0.00274725, 0.146762], 
              [0.0461648, 0.00274725, 0.934297, 0.0167912], 
              [0.00274725, 0.00274725, 0.687637, 0.306868], 
              [0.00274725, 0.703165, 0.0707912, 0.223297], 
              [0.592297, 0.138538, 0.266418, 0.00274725], 
              [0.00274725, 0.00274725, 0.991758, 0.00274725], 
              [0.00274725, 0.967132, 0.0273736, 0.00274725], 
              [0.342967, 0.166132, 0.158813, 0.332088]
            ]
          }, {
            "db": 0,
            "id": "Motif_122",
            "alt": "122",
            "len": 9,
            "nsites": 9,
            "pwm": [
              [0.29038, 0.211351, 0.216296, 0.281973], 
              [0.369176, 0.279473, 0.114604, 0.236747], 
              [0.0597086, 0.02391, 0.00274725, 0.913634], 
              [0.106396, 0.73867, 0.00274725, 0.152187], 
              [0.116099, 0.00274725, 0.693937, 0.187216], 
              [0.00274725, 0.991758, 0.00274725, 0.00274725], 
              [0.00274725, 0.00274725, 0.924407, 0.0700989], 
              [0.475396, 0.00274725, 0.0188681, 0.502989], 
              [0.225473, 0.186703, 0.260088, 0.327736]
            ]
          }, {
            "db": 0,
            "id": "Motif_123",
            "alt": "123",
            "len": 9,
            "nsites": 9,
            "pwm": [
              [0.584088, 0.0650549, 0.169791, 0.181066], 
              [0.00610989, 0.00274725, 0.988396, 0.00274725], 
              [0.991758, 0.00274725, 0.00274725, 0.00274725], 
              [0.00957143, 0.00274725, 0.984934, 0.00274725], 
              [0.894034, 0.100076, 0.0031429, 0.00274725], 
              [0.00274725, 0.00274725, 0.991758, 0.00274725], 
              [0.940429, 0.0470549, 0.00976923, 0.00274725], 
              [0.278286, 0.165044, 0.548978, 0.00769231], 
              [0.592692, 0.135275, 0.12667, 0.145363]
            ]
          }, {
            "db": 0,
            "id": "Motif_124",
            "alt": "124",
            "len": 9,
            "nsites": 9,
            "pwm": [
              [0.275022, 0.210044, 0.176714, 0.33822], 
              [0.00650549, 0.00343956, 0.919264, 0.0707912], 
              [0.0790989, 0.909571, 0.00373626, 0.00759341], 
              [0.140912, 0.00828571, 0.848055, 0.00274725], 
              [0.00512088, 0.847066, 0.144769, 0.00304396], 
              [0.171571, 0.00650549, 0.647978, 0.173945], 
              [0.107286, 0.871396, 0.00650549, 0.0148132], 
              [0.130923, 0.0691099, 0.67033, 0.129637], 
              [0.200846, 0.338022, 0.211824, 0.249308]
            ]
          }, {
            "db": 0,
            "id": "Motif_125",
            "alt": "125",
            "len": 9,
            "nsites": 9,
            "pwm": [
              [0.334956, 0.170681, 0.213802, 0.28056], 
              [0.00432967, 0.355132, 0.637791, 0.00274725], 
              [0.00274725, 0.00274725, 0.991758, 0.00274725], 
              [0.00274725, 0.991758, 0.00274725, 0.00274725], 
              [0.991758, 0.00274725, 0.00274725, 0.00274725], 
              [0.0278656, 0.0280634, 0.940631, 0.00343949], 
              [0.174934, 0.453835, 0.101549, 0.269681], 
              [0.00927473, 0.159802, 0.647582, 0.183341], 
              [0.261967, 0.233088, 0.268495, 0.236451]
            ]
          }, {
            "db": 0,
            "id": "Motif_126",
            "alt": "126",
            "len": 9,
            "nsites": 9,
            "pwm": [
              [0.303604, 0.17167, 0.198077, 0.326648], 
              [0.0823547, 0.678866, 0.0208443, 0.217935], 
              [0.96456, 0.00274725, 0.0293516, 0.00334066], 
              [0.00363736, 0.0771209, 0.00274725, 0.916495], 
              [0.00274725, 0.98167, 0.00274725, 0.0128352], 
              [0.0645604, 0.00274725, 0.00304396, 0.929648], 
              [0.00274725, 0.00274725, 0.991758, 0.00274725], 
              [0.00334066, 0.182154, 0.666967, 0.147538], 
              [0.33789, 0.194695, 0.195288, 0.272127]
            ]
          }, {
            "db": 0,
            "id": "Motif_127",
            "alt": "127",
            "len": 9,
            "nsites": 9,
            "pwm": [
              [0.280857, 0.112725, 0.255934, 0.350484], 
              [0.0132308, 0.145758, 0.838066, 0.00294505], 
              [0.00274725, 0.00294504, 0.284192, 0.710116], 
              [0.00274725, 0.00274725, 0.991758, 0.00274725], 
              [0.416747, 0.00274725, 0.577758, 0.00274725], 
              [0.71444, 0.00294505, 0.279868, 0.00274725], 
              [0.00274725, 0.942308, 0.00274725, 0.0521978], 
              [0.00274725, 0.498341, 0.00294505, 0.495967], 
              [0.316857, 0.188978, 0.224582, 0.269582]
            ]
          }, {
            "db": 0,
            "id": "Motif_13",
            "alt": "13",
            "len": 9,
            "nsites": 9,
            "pwm": [
              [0.225967, 0.239418, 0.398352, 0.136264], 
              [0.991066, 0.00324176, 0.00294505, 0.00274725], 
              [0.00324176, 0.00294505, 0.82956, 0.164253], 
              [0.520937, 0.119736, 0.35569, 0.00363727], 
              [0.00274725, 0.00472527, 0.98978, 0.00274725], 
              [0.891077, 0.102736, 0.00343956, 0.00274725], 
              [0.00294505, 0.00324176, 0.991066, 0.00274725], 
              [0.415363, 0.578648, 0.00324176, 0.00274725], 
              [0.321703, 0.154165, 0.30667, 0.217462]
            ]
          }, {
            "db": 0,
            "id": "Motif_14",
            "alt": "14",
            "len": 9,
            "nsites": 9,
            "pwm": [
              [0.262066, 0.206187, 0.242681, 0.289066], 
              [0.00304396, 0.00798901, 0.00274725, 0.98622], 
              [0.00274725, 0.242088, 0.752418, 0.00274725], 
              [0.190264, 0.00274725, 0.804242, 0.00274725], 
              [0.00274725, 0.00274725, 0.00274725, 0.991758], 
              [0.00462637, 0.0634725, 0.929154, 0.00274725], 
              [0.542253, 0.00274725, 0.452253, 0.00274725], 
              [0.019956, 0.00274725, 0.00274725, 0.974549], 
              [0.182549, 0.165736, 0.30133, 0.350385]
            ]
          }, {
            "db": 0,
            "id": "Motif_15",
            "alt": "15",
            "len": 9,
            "nsites": 9,
            "pwm": [
              [0.304624, 0.248739, 0.201163, 0.245475], 
              [0.357604, 0.365121, 0.00274725, 0.274527], 
              [0.00274725, 0.991758, 0.00274725, 0.00274725], 
              [0.0202527, 0.00274725, 0.00274725, 0.974253], 
              [0.0371648, 0.0712857, 0.886923, 0.00462637], 
              [0.967033, 0.00353846, 0.00353846, 0.0258901], 
              [0.306503, 0.00274725, 0.687211, 0.00353854], 
              [0.00274725, 0.00274725, 0.990374, 0.00413187], 
              [0.31135, 0.181776, 0.199778, 0.307096]
            ]
          }, {
            "db": 0,
            "id": "Motif_16",
            "alt": "16",
            "len": 9,
            "nsites": 9,
            "pwm": [
              [0.323978, 0.165538, 0.238725, 0.271758], 
              [0.00304396, 0.786341, 0.207868, 0.00274725], 
              [0.00274725, 0.00304396, 0.900077, 0.0941319], 
              [0.00304396, 0.00274725, 0.0106593, 0.983549], 
              [0.526975, 0.0233207, 0.149136, 0.300568], 
              [0.00512112, 0.52114, 0.00304399, 0.470695], 
              [0.911443, 0.00304399, 0.0769305, 0.008583], 
              [0.00482418, 0.00274725, 0.00274725, 0.989681], 
              [0.242187, 0.156637, 0.219143, 0.382033]
            ]
          }, {
            "db": 0,
            "id": "Motif_17",
            "alt": "17",
            "len": 9,
            "nsites": 9,
            "pwm": [
              [0.288571, 0.238824, 0.190462, 0.282143], 
              [0.438703, 0.00630769, 0.320714, 0.234275], 
              [0.00601099, 0.103033, 0.888209, 0.00274725], 
              [0.00274725, 0.838956, 0.00274725, 0.155549], 
              [0.00274725, 0.265527, 0.00274725, 0.728978], 
              [0.770912, 0.00274725, 0.223593, 0.00274725], 
              [0.00274725, 0.00274725, 0.991758, 0.00274725], 
              [0.00502198, 0.983648, 0.00274725, 0.00858242], 
              [0.379758, 0.203022, 0.134286, 0.282934]
            ]
          }, {
            "db": 0,
            "id": "Motif_18",
            "alt": "18",
            "len": 9,
            "nsites": 9,
            "pwm": [
              [0.324769, 0.149418, 0.181659, 0.344154], 
              [0.00274725, 0.0488352, 0.309143, 0.639275], 
              [0.259198, 0.243967, 0.00274725, 0.494088], 
              [0.00334066, 0.991165, 0.00274725, 0.00274725], 
              [0.00274725, 0.00274725, 0.991758, 0.00274725], 
              [0.123023, 0.0547744, 0.00274725, 0.819455], 
              [0.845469, 0.00274725, 0.0401356, 0.111648], 
              [0.734121, 0.00274725, 0.00274725, 0.260385], 
              [0.323879, 0.177505, 0.181956, 0.316659]
            ]
          }, {
            "db": 0,
            "id": "Motif_19",
            "alt": "19",
            "len": 9,
            "nsites": 9,
            "pwm": [
              [0.217165, 0.26889, 0.201044, 0.312901], 
              [0.162852, 0.00759292, 0.368645, 0.46091], 
              [0.00413187, 0.949429, 0.00789011, 0.0385495], 
              [0.0643626, 0.00274725, 0.718099, 0.214791], 
              [0.0069011, 0.932516, 0.00274725, 0.0578352], 
              [0.00858242, 0.00274725, 0.969703, 0.018967], 
              [0.0615934, 0.694363, 0.00274725, 0.241297], 
              [0.106703, 0.00789062, 0.836567, 0.0488398], 
              [0.210736, 0.326055, 0.201835, 0.261374]
            ]
          }, {
            "db": 0,
            "id": "Motif_2",
            "alt": "2",
            "len": 9,
            "nsites": 9,
            "pwm": [
              [0.323582, 0.172956, 0.201044, 0.302418], 
              [0.151692, 0.594374, 0.00274725, 0.251187], 
              [0.990077, 0.00442857, 0.00274725, 0.00274725], 
              [0.00274725, 0.228813, 0.00363727, 0.764803], 
              [0.197582, 0.00334066, 0.152286, 0.646791], 
              [0.00274725, 0.764879, 0.150011, 0.0823626], 
              [0.00274725, 0.0068022, 0.987703, 0.00274725], 
              [0.00304396, 0.00759341, 0.843901, 0.145462], 
              [0.259198, 0.21044, 0.21133, 0.319033]
            ]
          }, {
            "db": 0,
            "id": "Motif_20",
            "alt": "20",
            "len": 9,
            "nsites": 9,
            "pwm": [
              [0.277423, 0.137662, 0.137167, 0.447748], 
              [0.00274725, 0.0318242, 0.00274725, 0.962681], 
              [0.00294505, 0.00274725, 0.00274725, 0.99156], 
              [0.99156, 0.00294505, 0.00274725, 0.00274725], 
              [0.00294505, 0.99156, 0.00274725, 0.00274725], 
              [0.599852, 0.318309, 0.0790913, 0.00274725], 
              [0.712786, 0.279643, 0.00274725, 0.00482397], 
              [0.991758, 0.00274725, 0.00274725, 0.00274725], 
              [0.371253, 0.179385, 0.184429, 0.264934]
            ]
          }, {
            "db": 0,
            "id": "Motif_21",
            "alt": "21",
            "len": 9,
            "nsites": 9,
            "pwm": [
              [0.310429, 0.153473, 0.167418, 0.368681], 
              [0.0135275, 0.100758, 0.00274725, 0.882967], 
              [0.971286, 0.0232198, 0.00274725, 0.00274725], 
              [0.592593, 0.401912, 0.00274725, 0.00274725], 
              [0.00502198, 0.989187, 0.00274725, 0.00304396], 
              [0.982857, 0.0116484, 0.00274725, 0.00274725], 
              [0.54156, 0.452945, 0.00274725, 0.00274725], 
              [0.991659, 0.00274725, 0.00284615, 0.00274725], 
              [0.339472, 0.204584, 0.183323, 0.272621]
            ]
          }, {
            "db": 0,
            "id": "Motif_22",
            "alt": "22",
            "len": 9,
            "nsites": 9,
            "pwm": [
              [0.22844, 0.185912, 0.413286, 0.172363], 
              [0.689319, 0.00294505, 0.134681, 0.173055], 
              [0.00294505, 0.00274725, 0.99156, 0.00274725], 
              [0.991363, 0.00274725, 0.00314286, 0.00274725], 
              [0.00314286, 0.00274725, 0.991363, 0.00274725], 
              [0.972176, 0.00274725, 0.00314286, 0.0219341], 
              [0.31211, 0.00274725, 0.682396, 0.00274725], 
              [0.876044, 0.00274725, 0.00304396, 0.118165], 
              [0.257418, 0.148824, 0.420209, 0.173549]
            ]
          }, {
            "db": 0,
            "id": "Motif_23",
            "alt": "23",
            "len": 9,
            "nsites": 9,
            "pwm": [
              [0.275939, 0.247354, 0.219659, 0.257047], 
              [0.138044, 0.133593, 0.00274725, 0.725615], 
              [0.00274725, 0.99156, 0.00294505, 0.00274725], 
              [0.00294505, 0.00274725, 0.99156, 0.00274725], 
              [0.261275, 0.721659, 0.0136264, 0.00343956], 
              [0.492407, 0.126967, 0.326549, 0.0540769], 
              [0.0952198, 0.00274725, 0.89711, 0.00492308], 
              [0.527668, 0.109868, 0.0522027, 0.310262], 
              [0.256824, 0.213011, 0.25089, 0.279275]
            ]
          }, {
            "db": 0,
            "id": "Motif_24",
            "alt": "24",
            "len": 9,
            "nsites": 9,
            "pwm": [
              [0.253857, 0.226066, 0.252275, 0.267802], 
              [0.0355824, 0.537407, 0.424264, 0.00274725], 
              [0.00274725, 0.176104, 0.814249, 0.00690068], 
              [0.00274725, 0.0119451, 0.358989, 0.626319], 
              [0.0582252, 0.752738, 0.00274725, 0.186289], 
              [0.14744, 0.835, 0.00274725, 0.0148132], 
              [0.00274725, 0.0794945, 0.882473, 0.0352857], 
              [0.00274725, 0.15278, 0.00274725, 0.841725], 
              [0.168093, 0.275489, 0.228021, 0.328396]
            ]
          }, {
            "db": 0,
            "id": "Motif_25",
            "alt": "25",
            "len": 9,
            "nsites": 9,
            "pwm": [
              [0.669835, 0.103626, 0.0887912, 0.137747], 
              [0.00274725, 0.87644, 0.117967, 0.00284615], 
              [0.855275, 0.139231, 0.00274725, 0.00274725], 
              [0.00274725, 0.991758, 0.00274725, 0.00274725], 
              [0.947154, 0.046956, 0.00274725, 0.00314286], 
              [0.00274725, 0.989582, 0.00274725, 0.00492308], 
              [0.699901, 0.223297, 0.00274725, 0.0740549], 
              [0.00324171, 0.989682, 0.00373616, 0.0033406], 
              [0.696014, 0.107791, 0.0479496, 0.148245]
            ]
          }, {
            "db": 0,
            "id": "Motif_26",
            "alt": "26",
            "len": 9,
            "nsites": 9,
            "pwm": [
              [0.340099, 0.163363, 0.167813, 0.328725], 
              [0.235659, 0.00353846, 0.757956, 0.00284615], 
              [0.374714, 0.612473, 0.0100659, 0.00274725], 
              [0.00274725, 0.420859, 0.00284614, 0.573547], 
              [0.00274725, 0.990571, 0.00274725, 0.00393407], 
              [0.00274725, 0.991659, 0.00274725, 0.00284615], 
              [0.646529, 0.00284614, 0.00274725, 0.347878], 
              [0.0896813, 0.23556, 0.279571, 0.395187], 
              [0.279939, 0.26382, 0.162457, 0.293784]
            ]
          }, {
            "db": 0,
            "id": "Motif_27",
            "alt": "27",
            "len": 9,
            "nsites": 9,
            "pwm": [
              [0.381379, 0.218571, 0.149927, 0.250124], 
              [0.991363, 0.00274725, 0.00274725, 0.00314286], 
              [0.964066, 0.0304396, 0.00274725, 0.00274725], 
              [0.348209, 0.290945, 0.0071978, 0.353648], 
              [0.00274725, 0.107395, 0.0469605, 0.842897], 
              [0.00274725, 0.427725, 0.00274725, 0.56678], 
              [0.00848352, 0.985824, 0.00274725, 0.00294505], 
              [0.00274725, 0.991758, 0.00274725, 0.00274725], 
              [0.356319, 0.209945, 0.0916593, 0.342077]
            ]
          }, {
            "db": 0,
            "id": "Motif_28",
            "alt": "28",
            "len": 9,
            "nsites": 9,
            "pwm": [
              [0.273538, 0.196297, 0.308055, 0.22211], 
              [0.0241078, 0.849948, 0.0162953, 0.109649], 
              [0.0301429, 0.00274725, 0.959516, 0.00759341], 
              [0.0255957, 0.960305, 0.0094732, 0.00462656], 
              [0.0983846, 0.0525934, 0.819275, 0.0297473], 
              [0.00610989, 0.968912, 0.00423077, 0.0207473], 
              [0.142283, 0.13892, 0.627146, 0.0916505], 
              [0.214714, 0.49839, 0.242903, 0.0439931], 
              [0.303011, 0.221912, 0.227945, 0.247132]
            ]
          }, {
            "db": 0,
            "id": "Motif_29",
            "alt": "29",
            "len": 9,
            "nsites": 9,
            "pwm": [
              [0.300608, 0.209825, 0.212001, 0.277566], 
              [0.00274725, 0.890286, 0.00274725, 0.10422], 
              [0.537505, 0.430198, 0.00274725, 0.0295495], 
              [0.00274725, 0.370956, 0.00274725, 0.623549], 
              [0.61356, 0.0212418, 0.00274725, 0.362451], 
              [0.00274725, 0.26256, 0.727396, 0.0072967], 
              [0.0323187, 0.00274725, 0.862198, 0.102736], 
              [0.0282637, 0.00274725, 0.966242, 0.00274725], 
              [0.274725, 0.225077, 0.221121, 0.279077]
            ]
          }, {
            "db": 0,
            "id": "Motif_3",
            "alt": "3",
            "len": 9,
            "nsites": 9,
            "pwm": [
              [0.356615, 0.164154, 0.196, 0.283231], 
              [0.64778, 0.00294505, 0.234868, 0.114407], 
